6.916742324829101562e-01
6.776592135429382324e-01
6.553627252578735352e-01
6.490129828453063965e-01
6.565296053886413574e-01
6.320426464080810547e-01
6.294653415679931641e-01
6.063992381095886230e-01
6.124851107597351074e-01
5.945466160774230957e-01
5.876150131225585938e-01
5.846561789512634277e-01
5.565651059150695801e-01
5.547033548355102539e-01
5.176971554756164551e-01
5.888053178787231445e-01
5.322948694229125977e-01
5.419108271598815918e-01
5.079177618026733398e-01
5.017294287681579590e-01
5.129328370094299316e-01
4.999696910381317139e-01
5.047065019607543945e-01
5.117782950401306152e-01
4.756671488285064697e-01
4.494736790657043457e-01
5.008015036582946777e-01
4.907073676586151123e-01
4.852395057678222656e-01
4.754327833652496338e-01
5.023754239082336426e-01
4.355853497982025146e-01
5.258476734161376953e-01
4.590550959110260010e-01
4.288837909698486328e-01
4.741748869419097900e-01
4.153718650341033936e-01
4.276789128780364990e-01
4.753381907939910889e-01
4.437483847141265869e-01
4.105313718318939209e-01
4.073580801486968994e-01
4.334219396114349365e-01
4.318886399269104004e-01
4.087257981300354004e-01
3.644352853298187256e-01
4.012780785560607910e-01
4.215030670166015625e-01
4.480977654457092285e-01
3.801507055759429932e-01
3.906355798244476318e-01
4.851719439029693604e-01
4.990084767341613770e-01
3.618036210536956787e-01
3.663969933986663818e-01
3.821879327297210693e-01
4.049968719482421875e-01
3.817529678344726562e-01
4.095163345336914062e-01
3.795696198940277100e-01
3.973662853240966797e-01
4.225197732448577881e-01
3.510529994964599609e-01
3.821265697479248047e-01
3.778802156448364258e-01
3.350979387760162354e-01
4.014800190925598145e-01
4.521416723728179932e-01
3.855370283126831055e-01
3.620846569538116455e-01
4.527973234653472900e-01
4.641573131084442139e-01
3.608009517192840576e-01
4.166896045207977295e-01
3.909604251384735107e-01
3.564430773258209229e-01
4.530273079872131348e-01
3.655548095703125000e-01
3.554653823375701904e-01
3.255100250244140625e-01
3.711670339107513428e-01
3.732444941997528076e-01
3.845742046833038330e-01
4.004549980163574219e-01
3.436668813228607178e-01
3.938531875610351562e-01
3.903257548809051514e-01
3.648010194301605225e-01
3.467012941837310791e-01
3.855799138545989990e-01
3.387432992458343506e-01
3.327890932559967041e-01
3.480274379253387451e-01
4.537113606929779053e-01
3.666232526302337646e-01
3.278486430644989014e-01
3.581808805465698242e-01
3.380038440227508545e-01
3.823454082012176514e-01
3.697063624858856201e-01
3.807958364486694336e-01
3.701626062393188477e-01
3.957396447658538818e-01
4.171746671199798584e-01
3.788642883300781250e-01
3.055469691753387451e-01
3.018902838230133057e-01
4.077033102512359619e-01
3.220313191413879395e-01
3.382339179515838623e-01
3.834851682186126709e-01
3.278178274631500244e-01
3.353463411331176758e-01
3.565498292446136475e-01
2.930352389812469482e-01
3.216321170330047607e-01
3.721680343151092529e-01
4.006659984588623047e-01
3.486729562282562256e-01
3.606199026107788086e-01
3.226414024829864502e-01
3.228234648704528809e-01
3.416110873222351074e-01
4.147554039955139160e-01
3.126965165138244629e-01
3.343009650707244873e-01
3.208824992179870605e-01
3.299417793750762939e-01
3.492496907711029053e-01
2.984425425529479980e-01
3.240366578102111816e-01
3.499193191528320312e-01
3.300933241844177246e-01
3.347620666027069092e-01
3.122182488441467285e-01
3.196302950382232666e-01
3.569031059741973877e-01
2.785576283931732178e-01
3.555065393447875977e-01
3.377040326595306396e-01
3.808624148368835449e-01
3.544534742832183838e-01
3.233071863651275635e-01
3.741948604583740234e-01
3.327260017395019531e-01
3.158589303493499756e-01
3.122713863849639893e-01
3.705785274505615234e-01
3.206664025783538818e-01
3.510112166404724121e-01
2.730014622211456299e-01
3.055265247821807861e-01
3.289597928524017334e-01
3.285370767116546631e-01
3.466012179851531982e-01
3.090405464172363281e-01
3.185872137546539307e-01
3.213845789432525635e-01
2.641042172908782959e-01
2.873077988624572754e-01
2.920047640800476074e-01
3.195162415504455566e-01
3.022496402263641357e-01
3.276447355747222900e-01
3.258539736270904541e-01
3.131147921085357666e-01
3.514986634254455566e-01
3.409170806407928467e-01
3.128670156002044678e-01
2.839656770229339600e-01
3.061063289642333984e-01
3.247787952423095703e-01
3.180674314498901367e-01
3.372805118560791016e-01
3.431275784969329834e-01
3.168882429599761963e-01
3.516501784324645996e-01
3.659779727458953857e-01
2.911884784698486328e-01
3.846988081932067871e-01
2.978530526161193848e-01
3.172924220561981201e-01
2.878791987895965576e-01
2.780217826366424561e-01
3.152603507041931152e-01
2.983473539352416992e-01
3.298996090888977051e-01
3.814260363578796387e-01
2.978158593177795410e-01
3.480853140354156494e-01
2.777458131313323975e-01
3.089411556720733643e-01
3.468857705593109131e-01
3.039731979370117188e-01
2.987997531890869141e-01
2.729371786117553711e-01
3.014707267284393311e-01
2.728963494300842285e-01
3.005491793155670166e-01
3.210099935531616211e-01
3.252086043357849121e-01
3.360917270183563232e-01
3.598141372203826904e-01
3.739312589168548584e-01
3.678929507732391357e-01
2.728329300880432129e-01
2.971073389053344727e-01
3.312996327877044678e-01
2.820866405963897705e-01
3.000681102275848389e-01
2.869701683521270752e-01
3.925041258335113525e-01
2.696814239025115967e-01
3.268349170684814453e-01
3.276953399181365967e-01
3.270568251609802246e-01
2.760433554649353027e-01
3.209586739540100098e-01
3.241572082042694092e-01
3.014889657497406006e-01
3.577223420143127441e-01
2.592839300632476807e-01
3.154282271862030029e-01
2.658750712871551514e-01
2.764700055122375488e-01
3.095221519470214844e-01
2.933178246021270752e-01
3.372388482093811035e-01
3.698508441448211670e-01
3.164481818675994873e-01
2.664491832256317139e-01
2.943263053894042969e-01
2.747639119625091553e-01
3.027504086494445801e-01
2.713705003261566162e-01
2.930305302143096924e-01
3.426517844200134277e-01
2.499456852674484253e-01
2.712394595146179199e-01
2.820748388767242432e-01
2.716780304908752441e-01
3.159575462341308594e-01
3.094768226146697998e-01
3.002551198005676270e-01
3.167040944099426270e-01
2.867753505706787109e-01
2.887766659259796143e-01
3.179382383823394775e-01
2.491570562124252319e-01
3.555336892604827881e-01
2.899282872676849365e-01
3.104680478572845459e-01
3.257822990417480469e-01
2.837534546852111816e-01
3.088029325008392334e-01
2.614339590072631836e-01
2.867558300495147705e-01
2.899499535560607910e-01
2.660481035709381104e-01
3.548278808593750000e-01
3.323324918746948242e-01
3.138914108276367188e-01
3.399209082126617432e-01
2.894080877304077148e-01
2.624984681606292725e-01
2.631816864013671875e-01
3.210483789443969727e-01
3.020589947700500488e-01
2.962231338024139404e-01
2.905304729938507080e-01
2.748942077159881592e-01
2.510846257209777832e-01
3.244132995605468750e-01
2.757067978382110596e-01
2.675656974315643311e-01
2.476094067096710205e-01
2.893060743808746338e-01
2.879691123962402344e-01
2.813214361667633057e-01
3.117725849151611328e-01
3.102458417415618896e-01
2.459353506565093994e-01
3.131866753101348877e-01
2.920525670051574707e-01
2.844515442848205566e-01
3.152265250682830811e-01
3.308622539043426514e-01
3.450289666652679443e-01
2.836351692676544189e-01
3.063388466835021973e-01
3.571721613407135010e-01
2.899363636970520020e-01
3.032067716121673584e-01
2.860417366027832031e-01
2.898741364479064941e-01
2.401217222213745117e-01
3.003057837486267090e-01
2.719783782958984375e-01
2.995529770851135254e-01
2.980864048004150391e-01
3.045625388622283936e-01
3.051935136318206787e-01
3.167991638183593750e-01
2.787863314151763916e-01
2.662319242954254150e-01
2.716204822063446045e-01
2.847984731197357178e-01
2.973611354827880859e-01
3.503466844558715820e-01
3.060480058193206787e-01
2.854114770889282227e-01
2.714623808860778809e-01
2.841832339763641357e-01
2.918643653392791748e-01
3.128369450569152832e-01
2.556028962135314941e-01
2.981677949428558350e-01
2.827179133892059326e-01
2.496445626020431519e-01
2.628204822540283203e-01
3.150829672813415527e-01
2.582201659679412842e-01
2.731683254241943359e-01
2.915353775024414062e-01
3.048890233039855957e-01
2.992252707481384277e-01
2.993933856487274170e-01
3.164660036563873291e-01
2.706412971019744873e-01
3.207193911075592041e-01
2.811809480190277100e-01
3.123860359191894531e-01
3.033130168914794922e-01
3.419490754604339600e-01
3.400475978851318359e-01
2.529427707195281982e-01
2.919719815254211426e-01
3.115770518779754639e-01
2.430342882871627808e-01
2.926677167415618896e-01
3.095683753490447998e-01
2.719273567199707031e-01
2.623184621334075928e-01
2.714423239231109619e-01
3.074421882629394531e-01
3.868446350097656250e-01
2.811299562454223633e-01
2.448932230472564697e-01
3.066388070583343506e-01
3.234842121601104736e-01
2.698825895786285400e-01
3.064421117305755615e-01
2.570499479770660400e-01
3.000044524669647217e-01
2.546532750129699707e-01
2.503569126129150391e-01
2.564027905464172363e-01
3.592945039272308350e-01
2.685434222221374512e-01
3.155324161052703857e-01
2.382436841726303101e-01
3.461444079875946045e-01
3.184461295604705811e-01
2.662028372287750244e-01
2.840344011783599854e-01
2.922803461551666260e-01
3.086205422878265381e-01
2.621163725852966309e-01
2.771973311901092529e-01
2.557424902915954590e-01
2.388327419757843018e-01
3.299523293972015381e-01
3.525126874446868896e-01
2.533743381500244141e-01
2.272562086582183838e-01
2.882041633129119873e-01
2.632034420967102051e-01
2.746781408786773682e-01
2.587012648582458496e-01
2.412045001983642578e-01
2.660886943340301514e-01
2.441414147615432739e-01
2.865765988826751709e-01
2.659450471401214600e-01
2.591745555400848389e-01
3.001321554183959961e-01
2.841228842735290527e-01
2.442688047885894775e-01
2.752734422683715820e-01
2.538285851478576660e-01
3.178434967994689941e-01
3.396087586879730225e-01
3.083408772945404053e-01
2.574866712093353271e-01
2.522189319133758545e-01
2.542387247085571289e-01
3.560847938060760498e-01
2.481485158205032349e-01
2.682282328605651855e-01
2.467298209667205811e-01
2.981444001197814941e-01
3.006273806095123291e-01
3.367691934108734131e-01
2.931209504604339600e-01
2.979230582714080811e-01
3.063539564609527588e-01
2.765891253948211670e-01
2.425315827131271362e-01
2.951416075229644775e-01
2.474346607923507690e-01
2.879210412502288818e-01
2.337649613618850708e-01
2.924632430076599121e-01
2.682237327098846436e-01
3.011108040809631348e-01
3.170206844806671143e-01
2.560697197914123535e-01
2.542002797126770020e-01
3.235322833061218262e-01
3.391374349594116211e-01
2.938029170036315918e-01
2.965228557586669922e-01
3.123621046543121338e-01
2.237987369298934937e-01
2.982870638370513916e-01
2.844916582107543945e-01
2.581976056098937988e-01
3.164715468883514404e-01
2.299770414829254150e-01
2.383081465959548950e-01
2.661186754703521729e-01
2.861205637454986572e-01
2.720079421997070312e-01
2.301764786243438721e-01
3.329512178897857666e-01
2.601341307163238525e-01
2.325672954320907593e-01
2.251689434051513672e-01
2.462364286184310913e-01
2.542965710163116455e-01
2.962739169597625732e-01
2.382991760969161987e-01
2.862933576107025146e-01
2.355482876300811768e-01
2.510091662406921387e-01
2.873768508434295654e-01
2.661657333374023438e-01
2.840541303157806396e-01
2.568427920341491699e-01
2.567417025566101074e-01
2.832640409469604492e-01
3.093055784702301025e-01
3.946556746959686279e-01
2.709715366363525391e-01
2.531791925430297852e-01
3.080730438232421875e-01
2.686390578746795654e-01
3.328232467174530029e-01
3.104426264762878418e-01
2.880786359310150146e-01
3.202341496944427490e-01
2.840260267257690430e-01
2.363806515932083130e-01
2.844891250133514404e-01
2.915653288364410400e-01
2.546364963054656982e-01
2.978854477405548096e-01
2.544418573379516602e-01
3.445936739444732666e-01
2.753395736217498779e-01
2.830405533313751221e-01
2.141891568899154663e-01
2.392142117023468018e-01
2.684443593025207520e-01
2.682291567325592041e-01
2.706303298473358154e-01
2.529984712600708008e-01
2.923231124877929688e-01
3.193252086639404297e-01
2.690345942974090576e-01
2.411675751209259033e-01
2.665526866912841797e-01
2.920095026493072510e-01
3.772660493850708008e-01
3.177452981472015381e-01
2.365778237581253052e-01
2.519036531448364258e-01
2.901434302330017090e-01
2.235869914293289185e-01
3.198045194149017334e-01
2.634772658348083496e-01
2.820427417755126953e-01
2.678401470184326172e-01
2.710600793361663818e-01
3.203644752502441406e-01
2.370373457670211792e-01
2.981708049774169922e-01
2.218434661626815796e-01
3.059448897838592529e-01
2.552630305290222168e-01
2.897321879863739014e-01
2.228578627109527588e-01
3.363243043422698975e-01
2.633745372295379639e-01
2.545983791351318359e-01
2.229082584381103516e-01
2.228469103574752808e-01
2.480524331331253052e-01
2.444157153367996216e-01
2.438941001892089844e-01
2.806459367275238037e-01
2.255070656538009644e-01
2.595162093639373779e-01
2.735199630260467529e-01
2.546198964118957520e-01
2.437656372785568237e-01
2.557853162288665771e-01
2.896874845027923584e-01
2.741399407386779785e-01
2.452956289052963257e-01
2.568647563457489014e-01
2.315770685672760010e-01
2.548644244670867920e-01
3.157333135604858398e-01
2.554592192173004150e-01
2.586139738559722900e-01
2.630469202995300293e-01
3.258788585662841797e-01
2.249794304370880127e-01
2.322938442230224609e-01
2.677571475505828857e-01
2.644427418708801270e-01
2.513628900051116943e-01
2.112889736890792847e-01
2.107588797807693481e-01
2.872592210769653320e-01
2.849451005458831787e-01
2.444827407598495483e-01
2.761858403682708740e-01
3.176050782203674316e-01
2.234823554754257202e-01
2.758203446865081787e-01
3.390240371227264404e-01
3.100717067718505859e-01
3.105948865413665771e-01
2.887318730354309082e-01
2.528108954429626465e-01
2.685106098651885986e-01
2.233135700225830078e-01
3.003047108650207520e-01
2.951366007328033447e-01
3.123460710048675537e-01
2.804118096828460693e-01
2.884300351142883301e-01
2.901534140110015869e-01
2.738129198551177979e-01
2.704975306987762451e-01
2.798547744750976562e-01
2.379578649997711182e-01
2.735163867473602295e-01
2.549530267715454102e-01
2.346897125244140625e-01
2.836820185184478760e-01
2.816931009292602539e-01
2.603219449520111084e-01
2.181099951267242432e-01
2.589220702648162842e-01
2.693166434764862061e-01
3.149558007717132568e-01
2.799199223518371582e-01
2.483034133911132812e-01
2.179436683654785156e-01
2.375303357839584351e-01
2.623659074306488037e-01
2.971399724483489990e-01
2.335693389177322388e-01
3.138129413127899170e-01
2.739121913909912109e-01
2.254608124494552612e-01
2.467162460088729858e-01
2.637874782085418701e-01
2.470250427722930908e-01
2.935082614421844482e-01
2.346138060092926025e-01
2.998889386653900146e-01
2.518925666809082031e-01
2.555666863918304443e-01
2.469513863325119019e-01
2.352415621280670166e-01
2.507858872413635254e-01
2.597894370555877686e-01
2.840404808521270752e-01
2.892462313175201416e-01
2.669579088687896729e-01
3.032269477844238281e-01
2.404585331678390503e-01
3.114452958106994629e-01
2.712094485759735107e-01
2.928010225296020508e-01
2.230639904737472534e-01
2.136329710483551025e-01
2.637220621109008789e-01
2.230831235647201538e-01
2.989299297332763672e-01
2.670235335826873779e-01
2.139368504285812378e-01
2.817861139774322510e-01
2.609430849552154541e-01
3.028025329113006592e-01
2.633307874202728271e-01
2.618859708309173584e-01
2.319524288177490234e-01
2.650701999664306641e-01
2.353979349136352539e-01
2.660413980484008789e-01
3.308934569358825684e-01
2.227067053318023682e-01
2.801132798194885254e-01
2.300750762224197388e-01
2.464105635881423950e-01
2.841497957706451416e-01
2.710663378238677979e-01
2.401744425296783447e-01
2.799278795719146729e-01
2.217007726430892944e-01
2.921608984470367432e-01
2.785479724407196045e-01
2.536306083202362061e-01
2.473824024200439453e-01
2.503755092620849609e-01
2.633143961429595947e-01
2.665039002895355225e-01
2.439894527196884155e-01
2.957812249660491943e-01
2.301717549562454224e-01
2.486704885959625244e-01
2.702293097972869873e-01
2.957150042057037354e-01
2.950418591499328613e-01
2.422042191028594971e-01
2.468080073595046997e-01
2.532616257667541504e-01
2.660253942012786865e-01
2.430258095264434814e-01
2.509317696094512939e-01
2.361840456724166870e-01
2.459937185049057007e-01
3.060531914234161377e-01
2.553214728832244873e-01
2.591899335384368896e-01
2.490342706441879272e-01
2.237780392169952393e-01
2.259118109941482544e-01
3.339017033576965332e-01
2.580247819423675537e-01
2.566174864768981934e-01
2.801637351512908936e-01
2.052916735410690308e-01
2.685386836528778076e-01
2.523967921733856201e-01
3.131342530250549316e-01
2.732054591178894043e-01
2.774606645107269287e-01
2.441041767597198486e-01
2.266554683446884155e-01
2.737768590450286865e-01
2.802855670452117920e-01
2.501075863838195801e-01
2.458727806806564331e-01
2.554835975170135498e-01
2.427516728639602661e-01
2.780865728855133057e-01
2.406098842620849609e-01
2.546455860137939453e-01
2.484264820814132690e-01
2.506940960884094238e-01
2.451234310865402222e-01
2.567655146121978760e-01
2.282546609640121460e-01
2.026597708463668823e-01
2.515451014041900635e-01
2.435615062713623047e-01
2.541908621788024902e-01
2.094855755567550659e-01
2.381881773471832275e-01
2.560470700263977051e-01
1.927077472209930420e-01
2.550192773342132568e-01
3.160592019557952881e-01
2.415043860673904419e-01
2.931397557258605957e-01
2.816682755947113037e-01
2.423094809055328369e-01
2.347070276737213135e-01
2.534537017345428467e-01
2.568351328372955322e-01
2.642270624637603760e-01
2.516513764858245850e-01
2.839687466621398926e-01
3.044224381446838379e-01
2.633254826068878174e-01
2.731427252292633057e-01
2.282476872205734253e-01
1.979753822088241577e-01
2.503825426101684570e-01
2.284003347158432007e-01
2.390712052583694458e-01
2.916062474250793457e-01
2.570474445819854736e-01
2.518220841884613037e-01
4.113672673702239990e-01
2.534851729869842529e-01
2.530474364757537842e-01
2.541228234767913818e-01
2.675059437751770020e-01
2.514940202236175537e-01
2.284044772386550903e-01
2.969071567058563232e-01
2.122676819562911987e-01
2.930444777011871338e-01
2.567632496356964111e-01
2.306907624006271362e-01
2.121268957853317261e-01
1.989953815937042236e-01
3.347050845623016357e-01
2.674243450164794922e-01
2.915656566619873047e-01
2.407851219177246094e-01
2.564225792884826660e-01
2.423368543386459351e-01
2.353794425725936890e-01
3.218457400798797607e-01
2.452241927385330200e-01
2.189583331346511841e-01
2.049134224653244019e-01
2.310249656438827515e-01
2.284841984510421753e-01
2.511324286460876465e-01
2.189551442861557007e-01
2.897051274776458740e-01
2.066597193479537964e-01
3.470485210418701172e-01
2.484650611877441406e-01
2.821112573146820068e-01
2.697221338748931885e-01
2.647059857845306396e-01
2.249096930027008057e-01
2.560085654258728027e-01
2.098858803510665894e-01
2.956530451774597168e-01
2.800427377223968506e-01
2.536179125308990479e-01
2.492907792329788208e-01
2.340571135282516479e-01
2.634223103523254395e-01
2.324194014072418213e-01
2.183281928300857544e-01
2.498089373111724854e-01
2.275328636169433594e-01
2.794348597526550293e-01
2.789958119392395020e-01
2.389056682586669922e-01
3.009837567806243896e-01
2.298659533262252808e-01
3.194510638713836670e-01
3.183753490447998047e-01
2.377414703369140625e-01
2.966237962245941162e-01
2.653089463710784912e-01
2.519149780273437500e-01
2.576038837432861328e-01
2.523276507854461670e-01
3.195095658302307129e-01
2.331624329090118408e-01
2.324933111667633057e-01
2.458484917879104614e-01
2.685475349426269531e-01
2.698867917060852051e-01
2.260491400957107544e-01
2.248333692550659180e-01
2.201049327850341797e-01
2.719015777111053467e-01
2.264854758977890015e-01
2.966140806674957275e-01
2.541473209857940674e-01
2.840591967105865479e-01
2.973741590976715088e-01
2.195963710546493530e-01
2.245030850172042847e-01
2.520823478698730469e-01
2.078253328800201416e-01
2.869391143321990967e-01
2.443605959415435791e-01
2.826315462589263916e-01
2.441760748624801636e-01
2.915280461311340332e-01
2.601402699947357178e-01
2.709939479827880859e-01
2.016612738370895386e-01
2.835058271884918213e-01
2.325473278760910034e-01
2.157987207174301147e-01
2.510636746883392334e-01
2.408018857240676880e-01
2.777324318885803223e-01
2.557359635829925537e-01
2.655148506164550781e-01
2.327515184879302979e-01
2.916878163814544678e-01
2.446442693471908569e-01
2.408915609121322632e-01
2.785577774047851562e-01
2.754989564418792725e-01
2.129392176866531372e-01
2.468049377202987671e-01
2.821011245250701904e-01
2.046677172183990479e-01
2.349120676517486572e-01
2.229620069265365601e-01
3.167716264724731445e-01
2.540684640407562256e-01
2.733330428600311279e-01
2.696395814418792725e-01
2.364760488271713257e-01
2.919454872608184814e-01
2.339579164981842041e-01
2.707758843898773193e-01
2.645753026008605957e-01
2.147368043661117554e-01
2.607815861701965332e-01
2.700449526309967041e-01
2.443570196628570557e-01
3.520846366882324219e-01
2.230395078659057617e-01
2.535038888454437256e-01
2.254251688718795776e-01
2.566712796688079834e-01
2.704156339168548584e-01
2.623266875743865967e-01
2.904994487762451172e-01
2.436395734548568726e-01
2.473732978105545044e-01
2.221217155456542969e-01
2.864266037940979004e-01
2.235777825117111206e-01
2.781474888324737549e-01
2.585458457469940186e-01
2.366757392883300781e-01
2.805700302124023438e-01
2.486822903156280518e-01
2.454493492841720581e-01
2.733384966850280762e-01
2.326883375644683838e-01
2.511316239833831787e-01
2.569064497947692871e-01
2.543619573116302490e-01
2.493408769369125366e-01
2.237949669361114502e-01
2.086617052555084229e-01
2.726570367813110352e-01
2.103149890899658203e-01
2.393236458301544189e-01
2.365924417972564697e-01
2.179516404867172241e-01
2.285788059234619141e-01
2.200402021408081055e-01
2.481515407562255859e-01
2.192446440458297729e-01
2.048496305942535400e-01
2.181216329336166382e-01
2.641869783401489258e-01
3.117376863956451416e-01
1.876159757375717163e-01
2.277334034442901611e-01
2.313041985034942627e-01
2.239534407854080200e-01
2.437902688980102539e-01
2.708114087581634521e-01
2.388780564069747925e-01
2.371887713670730591e-01
2.563459873199462891e-01
2.307309210300445557e-01
2.702565789222717285e-01
2.514235973358154297e-01
2.449250668287277222e-01
2.630688846111297607e-01
2.363135367631912231e-01
2.489945739507675171e-01
2.318912744522094727e-01
2.623170018196105957e-01
2.462933808565139771e-01
2.857225835323333740e-01
2.353013008832931519e-01
2.434766292572021484e-01
2.409825772047042847e-01
2.246002256870269775e-01
2.130935639142990112e-01
2.464249134063720703e-01
2.378227710723876953e-01
3.333928585052490234e-01
2.139776498079299927e-01
2.733137607574462891e-01
2.755541801452636719e-01
2.360997200012207031e-01
2.278131097555160522e-01
1.909744739532470703e-01
2.741629779338836670e-01
3.690214157104492188e-01
2.304624170064926147e-01
2.640122473239898682e-01
2.374656945466995239e-01
2.291821241378784180e-01
2.359478473663330078e-01
2.044777125120162964e-01
2.399833202362060547e-01
2.306138575077056885e-01
2.635722160339355469e-01
2.584037780761718750e-01
1.970322579145431519e-01
2.383864670991897583e-01
2.544338703155517578e-01
2.780064046382904053e-01
2.548794746398925781e-01
2.616896629333496094e-01
2.118490934371948242e-01
2.266189157962799072e-01
2.245667427778244019e-01
2.161552459001541138e-01
1.889883279800415039e-01
2.453623116016387939e-01
2.564903199672698975e-01
2.739590704441070557e-01
2.516588568687438965e-01
2.136994600296020508e-01
3.333793282508850098e-01
2.408353835344314575e-01
2.409364730119705200e-01
2.138001918792724609e-01
2.623365819454193115e-01
2.024847120046615601e-01
2.364636510610580444e-01
2.589093744754791260e-01
2.023894041776657104e-01
2.395391017198562622e-01
2.001606076955795288e-01
2.598679065704345703e-01
2.268904298543930054e-01
2.400277704000473022e-01
2.476779967546463013e-01
2.456034868955612183e-01
2.358236312866210938e-01
2.717038094997406006e-01
2.431675195693969727e-01
2.057173997163772583e-01
2.228653430938720703e-01
2.716791331768035889e-01
2.570384442806243896e-01
2.657516002655029297e-01
2.202754020690917969e-01
2.518291175365447998e-01
2.521696090698242188e-01
2.343830168247222900e-01
2.588008344173431396e-01
2.767118215560913086e-01
2.500449419021606445e-01
2.866397500038146973e-01
2.111250907182693481e-01
2.224108278751373291e-01
2.959297299385070801e-01
2.073935717344284058e-01
2.526589334011077881e-01
3.081187903881072998e-01
2.381441891193389893e-01
1.980217248201370239e-01
2.213216871023178101e-01
2.065192759037017822e-01
2.519294023513793945e-01
2.258620113134384155e-01
2.444443255662918091e-01
2.830555737018585205e-01
2.073794603347778320e-01
2.188683003187179565e-01
3.000318109989166260e-01
2.335933297872543335e-01
3.123793601989746094e-01
2.163952440023422241e-01
2.565581500530242920e-01
2.259252518415451050e-01
2.381282895803451538e-01
2.418483495712280273e-01
2.231462001800537109e-01
2.596174478530883789e-01
2.622587084770202637e-01
4.052475988864898682e-01
2.474396228790283203e-01
2.689795196056365967e-01
2.229022532701492310e-01
2.641989886760711670e-01
2.193340361118316650e-01
2.387216836214065552e-01
2.080626785755157471e-01
1.908452659845352173e-01
2.005573362112045288e-01
2.076773643493652344e-01
2.125301808118820190e-01
2.532229423522949219e-01
2.640660405158996582e-01
2.051647901535034180e-01
2.944127023220062256e-01
2.603688240051269531e-01
2.293895035982131958e-01
2.617776989936828613e-01
2.685673236846923828e-01
2.906347513198852539e-01
2.317099869251251221e-01
2.285002022981643677e-01
2.382212132215499878e-01
2.479853630065917969e-01
2.814427018165588379e-01
2.465278655290603638e-01
2.241940945386886597e-01
2.205761969089508057e-01
2.249786853790283203e-01
2.028464376926422119e-01
2.210406363010406494e-01
2.358378022909164429e-01
2.009844332933425903e-01
2.128688395023345947e-01
2.026609927415847778e-01
2.619944512844085693e-01
2.182593643665313721e-01
2.307809889316558838e-01
2.523168921470642090e-01
2.304745763540267944e-01
2.266488522291183472e-01
2.668413817882537842e-01
2.839502394199371338e-01
2.492333650588989258e-01
2.419180124998092651e-01
2.096850126981735229e-01
2.710331678390502930e-01
1.845502555370330811e-01
2.058608382940292358e-01
2.463628798723220825e-01
2.403590232133865356e-01
2.388183176517486572e-01
2.461077272891998291e-01
2.472351044416427612e-01
2.105989456176757812e-01
2.025118321180343628e-01
2.355364859104156494e-01
2.413893193006515503e-01
2.379314750432968140e-01
2.261776477098464966e-01
2.792083323001861572e-01
2.464805096387863159e-01
2.703191936016082764e-01
2.246688902378082275e-01
2.288152426481246948e-01
2.552714347839355469e-01
2.584273815155029297e-01
2.291546612977981567e-01
2.142887115478515625e-01
2.046099156141281128e-01
2.456717789173126221e-01
2.365998476743698120e-01
2.465363740921020508e-01
2.100607901811599731e-01
2.041529715061187744e-01
2.163699865341186523e-01
2.206240892410278320e-01
2.475959062576293945e-01
2.076524347066879272e-01
2.014396041631698608e-01
2.411787360906600952e-01
2.276422977447509766e-01
2.623441517353057861e-01
2.102436274290084839e-01
2.250658571720123291e-01
2.267298251390457153e-01
2.262881994247436523e-01
2.414716780185699463e-01
2.195695638656616211e-01
2.557242214679718018e-01
2.018981724977493286e-01
2.309291809797286987e-01
2.750686407089233398e-01
2.862370014190673828e-01
2.219457626342773438e-01
2.304664105176925659e-01
2.412087470293045044e-01
2.030188888311386108e-01
2.272877991199493408e-01
2.441332787275314331e-01
2.459368258714675903e-01
2.416473478078842163e-01
2.515806257724761963e-01
2.482986301183700562e-01
2.766168117523193359e-01
2.626181542873382568e-01
2.289519608020782471e-01
2.128087729215621948e-01
2.617820203304290771e-01
2.709914743900299072e-01
2.481304407119750977e-01
2.278043329715728760e-01
2.006959170103073120e-01
2.200711518526077271e-01
2.155252546072006226e-01
2.170528471469879150e-01
2.632013261318206787e-01
2.085860073566436768e-01
2.481156140565872192e-01
2.284381389617919922e-01
3.148408830165863037e-01
2.153052538633346558e-01
2.562185823917388916e-01
2.466918081045150757e-01
2.305437326431274414e-01
2.475252747535705566e-01
1.948489397764205933e-01
1.994643956422805786e-01
2.858616709709167480e-01
2.284575551748275757e-01
3.114343285560607910e-01
1.997690796852111816e-01
2.330938875675201416e-01
2.020875513553619385e-01
2.731767594814300537e-01
2.624798715114593506e-01
2.308903485536575317e-01
1.945836395025253296e-01
2.328804284334182739e-01
2.574176788330078125e-01
2.229651212692260742e-01
2.431676387786865234e-01
2.173666208982467651e-01
1.967372894287109375e-01
2.336908131837844849e-01
2.047387808561325073e-01
2.733607590198516846e-01
2.286105602979660034e-01
2.112185060977935791e-01
2.144315093755722046e-01
2.468134909868240356e-01
2.061091661453247070e-01
2.184024304151535034e-01
2.731548249721527100e-01
2.479666769504547119e-01
2.458486557006835938e-01
2.078581303358078003e-01
3.208821117877960205e-01
2.095824331045150757e-01
2.404689341783523560e-01
2.781687676906585693e-01
1.926331669092178345e-01
2.521758675575256348e-01
2.286113500595092773e-01
2.129021137952804565e-01
2.697347700595855713e-01
2.471385002136230469e-01
2.334050238132476807e-01
2.334536612033843994e-01
2.030802220106124878e-01
2.943549156188964844e-01
2.134805917739868164e-01
2.182628661394119263e-01
2.343774288892745972e-01
2.451659739017486572e-01
2.374074459075927734e-01
2.153134346008300781e-01
1.908121556043624878e-01
2.329139709472656250e-01
2.232358902692794800e-01
2.367411702871322632e-01
2.195403128862380981e-01
2.557340562343597412e-01
2.374031841754913330e-01
2.237010449171066284e-01
2.516283690929412842e-01
2.364188283681869507e-01
2.104876041412353516e-01
2.136694192886352539e-01
2.281418144702911377e-01
2.373500317335128784e-01
2.697133719921112061e-01
2.047942876815795898e-01
2.308630496263504028e-01
2.434352934360504150e-01
2.127244025468826294e-01
2.720878720283508301e-01
2.263072580099105835e-01
2.158929407596588135e-01
2.005813121795654297e-01
2.031344473361968994e-01
2.194928228855133057e-01
2.967424094676971436e-01
2.173764705657958984e-01
2.176695913076400757e-01
2.572588324546813965e-01
2.536099851131439209e-01
1.811750233173370361e-01
1.852956861257553101e-01
2.306198626756668091e-01
2.169131785631179810e-01
3.162433207035064697e-01
2.111316472291946411e-01
2.292724698781967163e-01
2.769000232219696045e-01
2.427187711000442505e-01
2.770847380161285400e-01
1.942758411169052124e-01
2.778171598911285400e-01
2.087329179048538208e-01
2.006721347570419312e-01
2.434488981962203979e-01
2.411393374204635620e-01
2.492754310369491577e-01
2.835399210453033447e-01
2.029008120298385620e-01
2.090703099966049194e-01
2.739968001842498779e-01
2.885189950466156006e-01
2.483200281858444214e-01
2.366316765546798706e-01
2.237566262483596802e-01
2.082274258136749268e-01
2.027156203985214233e-01
2.309614717960357666e-01
3.189441859722137451e-01
1.837040632963180542e-01
2.484488934278488159e-01
1.929481923580169678e-01
2.745866477489471436e-01
2.849353849887847900e-01
3.152475059032440186e-01
2.332152426242828369e-01
2.132772505283355713e-01
1.977570503950119019e-01
2.395872622728347778e-01
2.115248292684555054e-01
2.050332576036453247e-01
2.049311250448226929e-01
1.925832033157348633e-01
2.167465239763259888e-01
1.922744810581207275e-01
2.082962542772293091e-01
2.087698280811309814e-01
2.262804955244064331e-01
2.414721548557281494e-01
1.916056573390960693e-01
2.501515448093414307e-01
1.863697320222854614e-01
2.442960292100906372e-01
2.627181112766265869e-01
2.717008292675018311e-01
2.012730687856674194e-01
2.079489529132843018e-01
1.823343038558959961e-01
2.091839313507080078e-01
2.012770622968673706e-01
2.258431911468505859e-01
2.285956144332885742e-01
1.997129470109939575e-01
2.438769191503524780e-01
2.208931446075439453e-01
1.980964541435241699e-01
2.216824591159820557e-01
2.075905799865722656e-01
2.224990427494049072e-01
1.909401714801788330e-01
1.898379921913146973e-01
2.484691590070724487e-01
2.435905933380126953e-01
2.310847789049148560e-01
2.147301286458969116e-01
2.540855109691619873e-01
1.997635215520858765e-01
2.229959815740585327e-01
1.971791386604309082e-01
2.240698337554931641e-01
2.632560431957244873e-01
2.636329233646392822e-01
2.858288288116455078e-01
2.117774486541748047e-01
2.031611651182174683e-01
1.874976307153701782e-01
1.866772919893264771e-01
2.180998325347900391e-01
2.083381712436676025e-01
2.214377969503402710e-01
1.897125691175460815e-01
2.209150791168212891e-01
2.358845770359039307e-01
2.261456251144409180e-01
2.188872396945953369e-01
1.867739409208297729e-01
2.452287226915359497e-01
2.276086807250976562e-01
2.096842527389526367e-01
2.277478277683258057e-01
3.670012652873992920e-01
1.993521749973297119e-01
2.171269953250885010e-01
2.237605601549148560e-01
2.520615756511688232e-01
2.565533816814422607e-01
2.337792366743087769e-01
2.565170824527740479e-01
2.351402044296264648e-01
2.050791829824447632e-01
2.238871306180953979e-01
2.532003521919250488e-01
2.060673981904983521e-01
2.395559549331665039e-01
2.081790268421173096e-01
2.075532972812652588e-01
2.330896854400634766e-01
2.048017978668212891e-01
2.106137275695800781e-01
3.238577842712402344e-01
2.564936876296997070e-01
2.385199069976806641e-01
2.184331417083740234e-01
1.989051550626754761e-01
2.398841232061386108e-01
2.323250770568847656e-01
2.889198958873748779e-01
2.900383472442626953e-01
2.348541021347045898e-01
1.732942759990692139e-01
2.006605714559555054e-01
2.440564185380935669e-01
1.828670948743820190e-01
2.640356719493865967e-01
2.169477492570877075e-01
2.159124910831451416e-01
2.474896162748336792e-01
2.022329866886138916e-01
1.909696459770202637e-01
2.120477408170700073e-01
2.813099026679992676e-01
2.215613424777984619e-01
2.595826685428619385e-01
2.701705694198608398e-01
2.362758219242095947e-01
2.174365073442459106e-01
2.227982133626937866e-01
2.198862135410308838e-01
2.059881687164306641e-01
2.244633287191390991e-01
2.357863485813140869e-01
2.155281603336334229e-01
2.122749388217926025e-01
2.091192752122879028e-01
2.202379554510116577e-01
2.400541752576828003e-01
2.047355920076370239e-01
1.894902288913726807e-01
2.354088127613067627e-01
2.445755004882812500e-01
2.407558262348175049e-01
2.366499453783035278e-01
2.197791337966918945e-01
2.269015312194824219e-01
2.106639444828033447e-01
2.083803713321685791e-01
2.653753757476806641e-01
2.278531640768051147e-01
1.651561111211776733e-01
2.723858058452606201e-01
3.171304166316986084e-01
2.115349322557449341e-01
2.249774038791656494e-01
2.087277472019195557e-01
2.388442605733871460e-01
2.061742097139358521e-01
1.663428395986557007e-01
2.159224748611450195e-01
2.296410053968429565e-01
1.921662986278533936e-01
2.382154017686843872e-01
2.384159117937088013e-01
2.424018681049346924e-01
2.028362303972244263e-01
1.936506628990173340e-01
1.977090835571289062e-01
2.793632447719573975e-01
2.336950600147247314e-01
2.497172802686691284e-01
2.218939065933227539e-01
2.134067565202713013e-01
2.573127746582031250e-01
1.937153637409210205e-01
2.473506182432174683e-01
2.468419522047042847e-01
2.031277865171432495e-01
1.915328353643417358e-01
2.308981716632843018e-01
1.838586777448654175e-01
2.982614636421203613e-01
2.494877874851226807e-01
1.974826306104660034e-01
2.079607993364334106e-01
2.331293672323226929e-01
1.906364709138870239e-01
2.014773935079574585e-01
2.169842720031738281e-01
2.313269227743148804e-01
1.856722384691238403e-01
2.289675772190093994e-01
2.055818587541580200e-01
2.891684472560882568e-01
2.393612712621688843e-01
1.948433369398117065e-01
2.198330014944076538e-01
2.441811561584472656e-01
2.176744192838668823e-01
1.845851987600326538e-01
2.220209687948226929e-01
2.397389262914657593e-01
2.062060683965682983e-01
2.493571341037750244e-01
2.142306417226791382e-01
1.900307834148406982e-01
1.983651220798492432e-01
2.416264265775680542e-01
2.054027616977691650e-01
1.950697898864746094e-01
1.785657405853271484e-01
2.260212451219558716e-01
2.466113865375518799e-01
2.295734435319900513e-01
2.239855527877807617e-01
2.000918686389923096e-01
2.037335932254791260e-01
1.950585246086120605e-01
2.350313216447830200e-01
2.284406274557113647e-01
2.698907852172851562e-01
2.196623086929321289e-01
2.264334708452224731e-01
2.839896678924560547e-01
2.343463748693466187e-01
1.911498308181762695e-01
2.452199012041091919e-01
2.317582219839096069e-01
2.136203497648239136e-01
1.920089572668075562e-01
2.200864106416702271e-01
1.981642097234725952e-01
2.350398600101470947e-01
2.405521124601364136e-01
2.698148190975189209e-01
2.290152609348297119e-01
2.295277118682861328e-01
1.885065287351608276e-01
2.888703644275665283e-01
2.352222055196762085e-01
2.607248127460479736e-01
2.387256175279617310e-01
2.628580927848815918e-01
2.219767868518829346e-01
1.899965107440948486e-01
2.065027803182601929e-01
2.525297105312347412e-01
2.181849032640457153e-01
2.019452154636383057e-01
2.122840434312820435e-01
2.486506551504135132e-01
1.846845746040344238e-01
2.205345630645751953e-01
1.889716237783432007e-01
2.057552784681320190e-01
2.289799898862838745e-01
2.050130814313888550e-01
1.922211050987243652e-01
1.704233735799789429e-01
2.316497117280960083e-01
1.786033362150192261e-01
2.205434888601303101e-01
2.457994967699050903e-01
1.912693828344345093e-01
1.969811022281646729e-01
2.087846845388412476e-01
2.353890687227249146e-01
2.965222895145416260e-01
1.983600705862045288e-01
1.934022009372711182e-01
2.035289257764816284e-01
2.167555391788482666e-01
2.516868412494659424e-01
2.004379779100418091e-01
2.194321006536483765e-01
2.110470384359359741e-01
1.750773936510086060e-01
1.895022541284561157e-01
2.741367816925048828e-01
1.869673728942871094e-01
2.518469393253326416e-01
2.050822824239730835e-01
2.284711599349975586e-01
1.909049302339553833e-01
2.135823071002960205e-01
1.892174780368804932e-01
3.169075548648834229e-01
2.070645838975906372e-01
2.502490878105163574e-01
2.333640158176422119e-01
2.296523600816726685e-01
2.078160047531127930e-01
2.383406460285186768e-01
2.271476536989212036e-01
1.912743896245956421e-01
1.880004853010177612e-01
1.906286925077438354e-01
1.879844069480895996e-01
1.854674816131591797e-01
2.059901207685470581e-01
2.153569012880325317e-01
1.812257468700408936e-01
2.063541412353515625e-01
2.264443933963775635e-01
2.576382160186767578e-01
2.272215336561203003e-01
1.723941862583160400e-01
2.275734990835189819e-01
2.859863936901092529e-01
2.077527046203613281e-01
1.835539191961288452e-01
2.492930442094802856e-01
2.173908501863479614e-01
2.032870799303054810e-01
2.311629801988601685e-01
2.080126255750656128e-01
2.016734629869461060e-01
2.174786180257797241e-01
2.082684040069580078e-01
2.133364677429199219e-01
1.901944726705551147e-01
1.947786659002304077e-01
2.074204981327056885e-01
2.289156913757324219e-01
2.720669209957122803e-01
2.063856571912765503e-01
1.820322722196578979e-01
2.067641764879226685e-01
1.899883896112442017e-01
3.064657151699066162e-01
2.290068417787551880e-01
1.969351321458816528e-01
2.158223688602447510e-01
2.464436590671539307e-01
1.815535575151443481e-01
1.918908804655075073e-01
2.016976624727249146e-01
2.352439165115356445e-01
1.931672841310501099e-01
1.782357543706893921e-01
1.844241321086883545e-01
2.069577723741531372e-01
2.193023413419723511e-01
2.010915577411651611e-01
2.016046047210693359e-01
2.085700035095214844e-01
2.234799414873123169e-01
2.640041410923004150e-01
1.987069696187973022e-01
2.232050150632858276e-01
2.392864078283309937e-01
2.575666606426239014e-01
2.112416774034500122e-01
2.271670550107955933e-01
2.481390684843063354e-01
2.302527278661727905e-01
2.309717983007431030e-01
1.981080770492553711e-01
2.025882303714752197e-01
1.911505013704299927e-01
2.075883448123931885e-01
2.199461013078689575e-01
2.783442139625549316e-01
2.054040431976318359e-01
2.090446799993515015e-01
2.349046021699905396e-01
2.083515971899032593e-01
1.868167221546173096e-01
2.398097515106201172e-01
1.657671481370925903e-01
2.286130189895629883e-01
1.801742762327194214e-01
2.995936572551727295e-01
1.913113594055175781e-01
2.591395080089569092e-01
2.813390493392944336e-01
1.915540695190429688e-01
2.039663046598434448e-01
1.976741552352905273e-01
2.012187540531158447e-01
2.205823510885238647e-01
