6.862114667892456055e-01
6.475665569305419922e-01
6.363524794578552246e-01
6.013198494911193848e-01
5.756742358207702637e-01
5.236884951591491699e-01
5.193631052970886230e-01
4.736450612545013428e-01
4.665271937847137451e-01
4.545790851116180420e-01
4.462476670742034912e-01
4.470621645450592041e-01
4.385952651500701904e-01
4.335904717445373535e-01
3.921233117580413818e-01
4.121916592121124268e-01
3.827329576015472412e-01
3.807337880134582520e-01
3.661028146743774414e-01
3.723222911357879639e-01
3.567500114440917969e-01
3.510484993457794189e-01
3.369753062725067139e-01
3.353079259395599365e-01
3.334648609161376953e-01
3.251462280750274658e-01
3.246229588985443115e-01
3.238252401351928711e-01
3.490128219127655029e-01
3.018290996551513672e-01
3.188172280788421631e-01
3.164504766464233398e-01
3.050877153873443604e-01
2.830014228820800781e-01
2.832474410533905029e-01
2.964578866958618164e-01
2.791760563850402832e-01
3.247136175632476807e-01
3.042942583560943604e-01
2.885593473911285400e-01
2.774603068828582764e-01
2.755847871303558350e-01
2.804251909255981445e-01
2.690154016017913818e-01
2.779214084148406982e-01
2.911222875118255615e-01
2.623068094253540039e-01
2.759653627872467041e-01
2.561262547969818115e-01
2.644019722938537598e-01
2.683958113193511963e-01
2.784938514232635498e-01
2.464129030704498291e-01
2.818893492221832275e-01
2.557790279388427734e-01
2.802042365074157715e-01
2.429618835449218750e-01
2.525110840797424316e-01
2.292477339506149292e-01
2.670632302761077881e-01
2.523496150970458984e-01
2.582639157772064209e-01
2.463717907667160034e-01
2.422634214162826538e-01
2.373163551092147827e-01
2.511238157749176025e-01
2.470486462116241455e-01
2.474998533725738525e-01
2.336280345916748047e-01
2.344831973314285278e-01
2.423453778028488159e-01
2.406947910785675049e-01
2.283002436161041260e-01
2.418559640645980835e-01
2.417933493852615356e-01
2.318844795227050781e-01
2.336096763610839844e-01
2.315823137760162354e-01
2.391769438982009888e-01
2.372186481952667236e-01
2.281488925218582153e-01
2.218455821275711060e-01
2.299547195434570312e-01
2.101058214902877808e-01
2.168559134006500244e-01
2.323421090841293335e-01
2.139424383640289307e-01
2.486796975135803223e-01
2.326627224683761597e-01
2.216138690710067749e-01
2.057002633810043335e-01
2.146880179643630981e-01
2.166020423173904419e-01
2.129542827606201172e-01
2.054161280393600464e-01
2.199416756629943848e-01
2.188419401645660400e-01
2.055009454488754272e-01
2.216079533100128174e-01
2.036975473165512085e-01
2.133137732744216919e-01
2.237815409898757935e-01
2.118366062641143799e-01
2.446541041135787964e-01
2.164324820041656494e-01
2.143094986677169800e-01
2.481776922941207886e-01
2.101878225803375244e-01
2.100845128297805786e-01
2.151921838521957397e-01
2.169645875692367554e-01
2.067513018846511841e-01
2.277527153491973877e-01
1.988301128149032593e-01
2.221841812133789062e-01
2.073492556810379028e-01
2.176315635442733765e-01
2.025823593139648438e-01
2.006999701261520386e-01
2.164856642484664917e-01
1.933655440807342529e-01
1.878410130739212036e-01
2.053328007459640503e-01
2.010548561811447144e-01
2.039922028779983521e-01
2.122667282819747925e-01
1.918005943298339844e-01
2.144730687141418457e-01
1.990419477224349976e-01
1.951495260000228882e-01
1.974358111619949341e-01
1.976488679647445679e-01
2.110038548707962036e-01
1.911727786064147949e-01
1.981469839811325073e-01
1.870501786470413208e-01
2.462819069623947144e-01
1.855103820562362671e-01
1.853091716766357422e-01
2.117639034986495972e-01
2.100908756256103516e-01
1.924432516098022461e-01
1.876303404569625854e-01
2.063438892364501953e-01
1.830654591321945190e-01
2.097418755292892456e-01
1.896310895681381226e-01
1.948749572038650513e-01
1.829129010438919067e-01
1.825827807188034058e-01
1.911233216524124146e-01
1.935216635465621948e-01
1.920672953128814697e-01
1.983987540006637573e-01
1.890342980623245239e-01
2.078296393156051636e-01
1.898794770240783691e-01
2.004387676715850830e-01
1.822692602872848511e-01
1.947057843208312988e-01
