6.888022422790527344e-01
5.921778678894042969e-01
5.732252001762390137e-01
5.730596780776977539e-01
5.518135428428649902e-01
5.444447994232177734e-01
5.731907486915588379e-01
6.072112321853637695e-01
5.408884882926940918e-01
5.306428670883178711e-01
5.435999631881713867e-01
5.080049633979797363e-01
5.296599268913269043e-01
4.953331947326660156e-01
5.073936581611633301e-01
4.509907364845275879e-01
4.672522544860839844e-01
4.627714753150939941e-01
4.198277890682220459e-01
4.016987979412078857e-01
4.407388269901275635e-01
4.011687934398651123e-01
3.729032874107360840e-01
3.928430378437042236e-01
4.420660138130187988e-01
3.733938336372375488e-01
3.837944567203521729e-01
3.841765224933624268e-01
3.752271234989166260e-01
3.516541421413421631e-01
3.408752083778381348e-01
3.419472575187683105e-01
3.345009386539459229e-01
3.244902789592742920e-01
3.736239373683929443e-01
3.367982804775238037e-01
3.406159579753875732e-01
2.771371006965637207e-01
3.270323276519775391e-01
3.527683317661285400e-01
3.469360470771789551e-01
3.023992478847503662e-01
3.197104930877685547e-01
2.892741262912750244e-01
2.977313697338104248e-01
3.290701508522033691e-01
2.988739907741546631e-01
2.836775481700897217e-01
2.964690923690795898e-01
2.827587723731994629e-01
2.902779579162597656e-01
2.981163561344146729e-01
2.910550534725189209e-01
2.561881542205810547e-01
2.682258784770965576e-01
2.972655892372131348e-01
2.430738955736160278e-01
3.047510683536529541e-01
2.672359645366668701e-01
2.804036140441894531e-01
2.715023458003997803e-01
2.457380741834640503e-01
2.440175563097000122e-01
2.774910032749176025e-01
2.767723500728607178e-01
2.525013983249664307e-01
2.813478410243988037e-01
2.854144275188446045e-01
2.929783761501312256e-01
2.432971298694610596e-01
2.449636459350585938e-01
2.368947714567184448e-01
2.715031802654266357e-01
2.304421961307525635e-01
2.410095781087875366e-01
2.514134943485260010e-01
2.782798409461975098e-01
2.721664905548095703e-01
2.180763781070709229e-01
2.507203519344329834e-01
2.859177887439727783e-01
2.743916511535644531e-01
2.735292911529541016e-01
2.195889055728912354e-01
2.263680547475814819e-01
2.352584898471832275e-01
2.196092158555984497e-01
2.838600873947143555e-01
2.267904132604598999e-01
2.408218830823898315e-01
2.220672667026519775e-01
2.595011889934539795e-01
2.103457301855087280e-01
2.455146759748458862e-01
2.493776828050613403e-01
2.139662057161331177e-01
2.348071336746215820e-01
2.242839336395263672e-01
2.786162495613098145e-01
2.085157483816146851e-01
2.144813388586044312e-01
2.676108181476593018e-01
2.173033207654953003e-01
2.092768698930740356e-01
1.800925731658935547e-01
2.209224253892898560e-01
2.093065232038497925e-01
2.571360766887664795e-01
2.340007275342941284e-01
2.239874899387359619e-01
2.180770933628082275e-01
2.648779153823852539e-01
1.969335526227951050e-01
2.348727732896804810e-01
2.407934218645095825e-01
2.396318018436431885e-01
1.946514099836349487e-01
2.302654236555099487e-01
2.283679246902465820e-01
2.119551450014114380e-01
2.411250323057174683e-01
2.090355008840560913e-01
1.982396245002746582e-01
2.177935093641281128e-01
1.823900043964385986e-01
2.344416230916976929e-01
1.921091228723526001e-01
2.596553862094879150e-01
2.079709023237228394e-01
2.168625891208648682e-01
2.127356082201004028e-01
2.006296217441558838e-01
2.381528913974761963e-01
2.012865543365478516e-01
1.987929344177246094e-01
2.216622531414031982e-01
2.102461904287338257e-01
1.937814801931381226e-01
1.940172016620635986e-01
1.933194398880004883e-01
1.987316906452178955e-01
2.566605508327484131e-01
1.823627203702926636e-01
1.923541873693466187e-01
2.089490890502929688e-01
1.832479536533355713e-01
1.929178088903427124e-01
2.054411470890045166e-01
1.973725408315658569e-01
2.103933095932006836e-01
1.731341928243637085e-01
1.826751679182052612e-01
1.711457967758178711e-01
2.133930176496505737e-01
2.025512307882308960e-01
1.703512966632843018e-01
2.711706757545471191e-01
2.110113203525543213e-01
1.914421021938323975e-01
2.500195503234863281e-01
