7.964277267456054688e-01
8.002285957336425781e-01
7.921994328498840332e-01
7.957578897476196289e-01
7.829626202583312988e-01
7.893399000167846680e-01
7.912196516990661621e-01
7.821034789085388184e-01
7.908408045768737793e-01
7.797765135765075684e-01
7.737149000167846680e-01
7.731994986534118652e-01
7.702423334121704102e-01
7.819107174873352051e-01
7.670561671257019043e-01
7.755813002586364746e-01
7.717253565788269043e-01
7.697205543518066406e-01
7.697075605392456055e-01
7.643306255340576172e-01
7.608267068862915039e-01
7.624301314353942871e-01
7.581379413604736328e-01
7.595777511596679688e-01
7.558819055557250977e-01
7.626734972000122070e-01
7.495200037956237793e-01
7.554785013198852539e-01
7.575547099113464355e-01
7.605484724044799805e-01
7.505585551261901855e-01
7.566530108451843262e-01
7.534800767898559570e-01
7.402801513671875000e-01
7.544578909873962402e-01
7.403861284255981445e-01
7.493506073951721191e-01
7.491828799247741699e-01
7.380195856094360352e-01
7.460114359855651855e-01
7.455286383628845215e-01
7.397671937942504883e-01
7.469188570976257324e-01
7.379003167152404785e-01
7.358231544494628906e-01
7.337707281112670898e-01
7.348771095275878906e-01
7.353945970535278320e-01
7.418035268783569336e-01
7.370941638946533203e-01
7.351204156875610352e-01
7.309020161628723145e-01
7.348964214324951172e-01
7.264297604560852051e-01
7.246572375297546387e-01
7.318443655967712402e-01
7.315093278884887695e-01
7.334696054458618164e-01
7.299724817276000977e-01
7.227264642715454102e-01
7.290880680084228516e-01
7.196999788284301758e-01
7.230135798454284668e-01
7.284939289093017578e-01
7.229875922203063965e-01
7.169889807701110840e-01
7.248482108116149902e-01
7.213026881217956543e-01
7.184405326843261719e-01
7.196503877639770508e-01
7.236325740814208984e-01
7.236642837524414062e-01
7.169320583343505859e-01
7.147322893142700195e-01
7.218545675277709961e-01
7.170843482017517090e-01
7.185353636741638184e-01
7.138868570327758789e-01
7.126628756523132324e-01
7.116056084632873535e-01
7.199730277061462402e-01
7.166312336921691895e-01
7.145715951919555664e-01
7.123509645462036133e-01
7.109791040420532227e-01
7.098698019981384277e-01
7.140592932701110840e-01
7.048432826995849609e-01
7.104912400245666504e-01
7.140185236930847168e-01
7.165574431419372559e-01
7.047932744026184082e-01
7.090877890586853027e-01
7.012071013450622559e-01
7.048303484916687012e-01
7.122365236282348633e-01
7.076188921928405762e-01
7.071464657783508301e-01
7.009461522102355957e-01
6.971670985221862793e-01
6.955955624580383301e-01
6.989498734474182129e-01
7.052751183509826660e-01
7.014719843864440918e-01
6.956759691238403320e-01
6.991859674453735352e-01
7.076463103294372559e-01
7.032281756401062012e-01
6.971382498741149902e-01
6.995615363121032715e-01
6.951293349266052246e-01
6.960211992263793945e-01
6.960386633872985840e-01
6.986995935440063477e-01
6.873394846916198730e-01
6.946980357170104980e-01
6.993880271911621094e-01
6.967656016349792480e-01
6.952390670776367188e-01
6.994225382804870605e-01
6.825329661369323730e-01
6.938241124153137207e-01
6.816050410270690918e-01
6.943675875663757324e-01
6.826586723327636719e-01
6.928803324699401855e-01
6.868045926094055176e-01
6.908767819404602051e-01
6.839618086814880371e-01
6.966701149940490723e-01
6.937987208366394043e-01
6.896986365318298340e-01
6.955155730247497559e-01
6.814973950386047363e-01
6.810752749443054199e-01
6.829699873924255371e-01
6.944839954376220703e-01
6.815648674964904785e-01
6.868891716003417969e-01
6.837756037712097168e-01
6.872054338455200195e-01
6.808539628982543945e-01
6.899003982543945312e-01
6.816415190696716309e-01
6.750453710556030273e-01
6.750388741493225098e-01
6.885808706283569336e-01
6.794424653053283691e-01
6.790625452995300293e-01
6.770997643470764160e-01
6.814517378807067871e-01
6.912992596626281738e-01
6.821779012680053711e-01
6.815446615219116211e-01
6.855201125144958496e-01
6.783586144447326660e-01
6.748476028442382812e-01
6.749049425125122070e-01
6.715934276580810547e-01
6.760580539703369141e-01
6.751382350921630859e-01
6.813102960586547852e-01
6.838988661766052246e-01
6.720353960990905762e-01
6.773173213005065918e-01
6.753221750259399414e-01
6.720316410064697266e-01
6.789733767509460449e-01
6.933124661445617676e-01
6.656475067138671875e-01
6.642791628837585449e-01
6.572325825691223145e-01
6.764225363731384277e-01
6.708425879478454590e-01
6.786383986473083496e-01
6.590201258659362793e-01
6.751086711883544922e-01
6.792713999748229980e-01
6.884079575538635254e-01
6.711661219596862793e-01
6.725106239318847656e-01
6.769586801528930664e-01
6.631951928138732910e-01
6.617990732192993164e-01
6.692169308662414551e-01
6.775652170181274414e-01
6.710222363471984863e-01
6.677616834640502930e-01
6.748583912849426270e-01
6.562463641166687012e-01
6.775451302528381348e-01
6.624312400817871094e-01
6.689590215682983398e-01
6.687325835227966309e-01
6.658436655998229980e-01
6.583682894706726074e-01
6.643883585929870605e-01
6.762110590934753418e-01
6.711404919624328613e-01
6.654033064842224121e-01
6.611239314079284668e-01
6.619424223899841309e-01
6.644253730773925781e-01
6.597163081169128418e-01
6.738079190254211426e-01
6.517121791839599609e-01
6.601273417472839355e-01
6.642072200775146484e-01
6.636225581169128418e-01
6.647263765335083008e-01
6.684479117393493652e-01
6.608037352561950684e-01
6.528911590576171875e-01
6.528782844543457031e-01
6.651421785354614258e-01
6.548991203308105469e-01
6.499572396278381348e-01
6.671448945999145508e-01
6.669213771820068359e-01
6.668795347213745117e-01
6.630313992500305176e-01
6.584965586662292480e-01
6.656515002250671387e-01
6.544597744941711426e-01
6.548459529876708984e-01
6.576647758483886719e-01
6.771385073661804199e-01
6.515570878982543945e-01
6.645835638046264648e-01
6.563540697097778320e-01
6.447135210037231445e-01
6.516600847244262695e-01
6.677460670471191406e-01
6.566551327705383301e-01
6.582195162773132324e-01
6.615098118782043457e-01
6.542708873748779297e-01
6.633523106575012207e-01
6.543721556663513184e-01
6.564160585403442383e-01
6.474186778068542480e-01
6.556228995323181152e-01
6.574055552482604980e-01
6.642485260963439941e-01
6.567522883415222168e-01
6.606378555297851562e-01
6.586123704910278320e-01
6.520040035247802734e-01
6.540035605430603027e-01
6.585220098495483398e-01
6.652185320854187012e-01
6.552217602729797363e-01
6.546834111213684082e-01
6.618508696556091309e-01
6.505429148674011230e-01
6.513888239860534668e-01
6.489776372909545898e-01
6.385259628295898438e-01
6.494439244270324707e-01
6.389523744583129883e-01
6.482999324798583984e-01
6.589629650115966797e-01
6.395677924156188965e-01
6.445878148078918457e-01
6.406052112579345703e-01
6.320409774780273438e-01
6.401583552360534668e-01
6.488647460937500000e-01
6.491720676422119141e-01
6.458871960639953613e-01
6.411855816841125488e-01
6.488200426101684570e-01
6.472054719924926758e-01
6.479677557945251465e-01
6.413163542747497559e-01
6.499494910240173340e-01
6.444754004478454590e-01
6.442613005638122559e-01
6.404104232788085938e-01
6.562849879264831543e-01
6.567196846008300781e-01
6.524915695190429688e-01
6.386352181434631348e-01
6.501770019531250000e-01
6.472612023353576660e-01
6.448365449905395508e-01
6.292096972465515137e-01
6.461133956909179688e-01
6.469303965568542480e-01
6.505277752876281738e-01
6.444366574287414551e-01
6.541419625282287598e-01
6.477977633476257324e-01
6.551653742790222168e-01
6.616686582565307617e-01
6.304606795310974121e-01
6.341270804405212402e-01
6.548218131065368652e-01
6.405065655708312988e-01
6.396536231040954590e-01
6.480131745338439941e-01
6.577455401420593262e-01
6.545417904853820801e-01
6.321999430656433105e-01
6.608659625053405762e-01
6.378901600837707520e-01
6.320433020591735840e-01
6.346781849861145020e-01
6.249527931213378906e-01
6.469539403915405273e-01
6.391892433166503906e-01
6.419014930725097656e-01
6.417848467826843262e-01
6.419611573219299316e-01
6.485268473625183105e-01
6.484506726264953613e-01
6.398701071739196777e-01
6.437393426895141602e-01
6.483306288719177246e-01
6.275877952575683594e-01
6.385568976402282715e-01
6.168021559715270996e-01
6.506997942924499512e-01
6.328575611114501953e-01
6.336587071418762207e-01
6.446827054023742676e-01
6.330820918083190918e-01
6.239107847213745117e-01
6.420489549636840820e-01
6.244587302207946777e-01
6.459106802940368652e-01
6.359887123107910156e-01
6.508073210716247559e-01
6.274282336235046387e-01
6.193720102310180664e-01
6.396576762199401855e-01
6.352495551109313965e-01
6.446792483329772949e-01
6.477219462394714355e-01
6.366054415702819824e-01
6.371836662292480469e-01
6.316642761230468750e-01
6.327431201934814453e-01
6.548860073089599609e-01
6.392002105712890625e-01
6.213538050651550293e-01
6.297907829284667969e-01
6.326804161071777344e-01
6.364006400108337402e-01
6.341269612312316895e-01
6.247053146362304688e-01
6.291913390159606934e-01
6.224170327186584473e-01
6.264465451240539551e-01
6.418619751930236816e-01
6.375276446342468262e-01
6.457321047782897949e-01
6.143411993980407715e-01
6.385874152183532715e-01
6.320077776908874512e-01
6.236099600791931152e-01
6.186324357986450195e-01
6.336752772331237793e-01
6.240431070327758789e-01
6.318439841270446777e-01
6.437987685203552246e-01
6.476477384567260742e-01
6.387087702751159668e-01
6.178080439567565918e-01
6.260014772415161133e-01
6.246477365493774414e-01
6.293462514877319336e-01
6.191596984863281250e-01
6.415112018585205078e-01
6.306219100952148438e-01
6.350612044334411621e-01
6.124934554100036621e-01
6.502797007560729980e-01
6.291854381561279297e-01
6.316601037979125977e-01
6.347679495811462402e-01
6.371443867683410645e-01
6.231940388679504395e-01
6.395429968833923340e-01
6.296100020408630371e-01
6.516334414482116699e-01
6.271520853042602539e-01
6.420084834098815918e-01
6.306917071342468262e-01
6.373745203018188477e-01
6.368038654327392578e-01
6.386834383010864258e-01
6.395035386085510254e-01
6.305375099182128906e-01
6.252377629280090332e-01
6.328167319297790527e-01
6.270196437835693359e-01
6.364724040031433105e-01
6.192405819892883301e-01
6.246011853218078613e-01
6.159418225288391113e-01
6.288680434226989746e-01
6.365433931350708008e-01
6.288015246391296387e-01
6.191980242729187012e-01
6.420454382896423340e-01
6.228112578392028809e-01
6.289889812469482422e-01
6.315509676933288574e-01
6.392876505851745605e-01
6.193316578865051270e-01
6.284780502319335938e-01
6.214459538459777832e-01
6.438237428665161133e-01
6.263219714164733887e-01
6.151547431945800781e-01
6.259998679161071777e-01
6.239747405052185059e-01
6.230126619338989258e-01
6.444023251533508301e-01
6.276058554649353027e-01
6.177268028259277344e-01
6.115908622741699219e-01
6.321209073066711426e-01
6.330478787422180176e-01
6.138941049575805664e-01
6.296376585960388184e-01
6.147001981735229492e-01
6.204075813293457031e-01
6.094698309898376465e-01
6.304756402969360352e-01
6.307292580604553223e-01
6.184180974960327148e-01
6.130629777908325195e-01
6.428837776184082031e-01
6.229893565177917480e-01
6.334578394889831543e-01
6.345741152763366699e-01
6.237844228744506836e-01
6.251017451286315918e-01
6.202470064163208008e-01
6.102412343025207520e-01
6.427646279335021973e-01
6.130120158195495605e-01
6.117926836013793945e-01
6.130728721618652344e-01
6.415880322456359863e-01
6.075081229209899902e-01
6.237758398056030273e-01
6.321533322334289551e-01
6.155685186386108398e-01
6.415768861770629883e-01
6.052995920181274414e-01
6.334185004234313965e-01
6.378428339958190918e-01
6.074644923210144043e-01
6.228052973747253418e-01
6.106878519058227539e-01
6.117607951164245605e-01
6.168022155761718750e-01
6.151544451713562012e-01
6.111958622932434082e-01
6.085746288299560547e-01
6.257470250129699707e-01
6.258141398429870605e-01
6.055925488471984863e-01
6.244414448738098145e-01
6.199157834053039551e-01
6.150168776512145996e-01
6.037047505378723145e-01
6.219410300254821777e-01
6.282756328582763672e-01
6.102959513664245605e-01
6.160196661949157715e-01
6.264371871948242188e-01
6.159548163414001465e-01
6.250827908515930176e-01
6.119773983955383301e-01
6.320318579673767090e-01
6.442671418190002441e-01
6.022638678550720215e-01
6.072234511375427246e-01
6.218975782394409180e-01
6.160004138946533203e-01
6.447117924690246582e-01
6.044435501098632812e-01
6.323090791702270508e-01
6.234923601150512695e-01
6.339390873908996582e-01
6.236483454704284668e-01
6.222230792045593262e-01
6.403519511222839355e-01
5.985748171806335449e-01
6.383923292160034180e-01
6.072422862052917480e-01
6.227254867553710938e-01
6.131310462951660156e-01
6.102352142333984375e-01
6.079306006431579590e-01
6.118616461753845215e-01
6.190274357795715332e-01
6.223711371421813965e-01
6.089041829109191895e-01
6.199383139610290527e-01
6.300058364868164062e-01
5.956758856773376465e-01
6.195370554924011230e-01
6.120706200599670410e-01
6.336061358451843262e-01
6.214295625686645508e-01
6.146683096885681152e-01
6.250688433647155762e-01
6.024035811424255371e-01
6.128843426704406738e-01
6.105248332023620605e-01
6.117761135101318359e-01
6.230721473693847656e-01
6.194689869880676270e-01
6.116856932640075684e-01
6.360504031181335449e-01
6.149720549583435059e-01
6.327967643737792969e-01
6.249617934226989746e-01
6.109845042228698730e-01
6.059259772300720215e-01
5.930729508399963379e-01
6.110482215881347656e-01
5.957159399986267090e-01
6.059476733207702637e-01
6.112820506095886230e-01
5.929493308067321777e-01
6.289348006248474121e-01
5.950528979301452637e-01
6.332052350044250488e-01
6.041574478149414062e-01
6.317078471183776855e-01
6.091663837432861328e-01
6.086782217025756836e-01
6.082312464714050293e-01
6.053370833396911621e-01
6.458539366722106934e-01
6.145362257957458496e-01
6.172522306442260742e-01
6.102507710456848145e-01
6.155517101287841797e-01
6.045016646385192871e-01
5.995116233825683594e-01
6.097132563591003418e-01
6.304394602775573730e-01
6.130011677742004395e-01
6.442491412162780762e-01
5.957705974578857422e-01
6.091112494468688965e-01
6.243759989738464355e-01
5.975486636161804199e-01
6.176138520240783691e-01
6.214241385459899902e-01
6.188876032829284668e-01
5.982699394226074219e-01
6.272971034049987793e-01
6.199759244918823242e-01
6.143134236335754395e-01
6.159338355064392090e-01
6.014594435691833496e-01
6.103755235671997070e-01
6.351425051689147949e-01
5.959688425064086914e-01
5.836574435234069824e-01
6.222670674324035645e-01
5.932998657226562500e-01
6.279479861259460449e-01
6.164281964302062988e-01
5.875069499015808105e-01
6.034099459648132324e-01
6.215476393699645996e-01
6.046745181083679199e-01
6.212494969367980957e-01
6.069354414939880371e-01
6.036260724067687988e-01
5.949353575706481934e-01
6.161780953407287598e-01
6.220760345458984375e-01
6.011697053909301758e-01
6.016097664833068848e-01
6.114333271980285645e-01
6.127966046333312988e-01
6.153208613395690918e-01
6.209318637847900391e-01
5.892017483711242676e-01
6.020798087120056152e-01
5.991883277893066406e-01
6.021531224250793457e-01
5.898329019546508789e-01
6.036621928215026855e-01
6.169140338897705078e-01
6.041633486747741699e-01
6.029199957847595215e-01
6.092728972434997559e-01
6.207236647605895996e-01
5.926071405410766602e-01
5.934471487998962402e-01
5.871885418891906738e-01
6.007678508758544922e-01
5.979735255241394043e-01
6.036263108253479004e-01
6.112787127494812012e-01
6.169101595878601074e-01
6.341048479080200195e-01
6.095029115676879883e-01
5.922854542732238770e-01
5.836993455886840820e-01
6.141797900199890137e-01
6.124545931816101074e-01
6.105506420135498047e-01
6.049305200576782227e-01
5.892984867095947266e-01
6.143866777420043945e-01
6.030446290969848633e-01
6.150644421577453613e-01
6.222311258316040039e-01
6.007010340690612793e-01
6.279201507568359375e-01
6.105935573577880859e-01
6.266347169876098633e-01
6.098964810371398926e-01
6.079606413841247559e-01
6.037821173667907715e-01
6.228245496749877930e-01
5.950618982315063477e-01
6.189122796058654785e-01
6.151860356330871582e-01
6.062286496162414551e-01
6.045325398445129395e-01
6.299653053283691406e-01
5.973235368728637695e-01
6.058110594749450684e-01
6.054884195327758789e-01
6.168958544731140137e-01
5.893463492393493652e-01
6.329854130744934082e-01
6.076368689537048340e-01
6.242868900299072266e-01
5.902785658836364746e-01
5.814968943595886230e-01
6.089656352996826172e-01
6.096269488334655762e-01
5.933068394660949707e-01
5.835295915603637695e-01
6.012859344482421875e-01
6.116415858268737793e-01
6.306980848312377930e-01
5.994205474853515625e-01
5.970063209533691406e-01
6.041185259819030762e-01
6.275644898414611816e-01
5.963137149810791016e-01
5.979678034782409668e-01
5.979048609733581543e-01
6.189020276069641113e-01
5.930556654930114746e-01
6.054568290710449219e-01
5.910355448722839355e-01
6.029096841812133789e-01
6.101763248443603516e-01
5.925762057304382324e-01
6.178528666496276855e-01
6.169287562370300293e-01
6.140398383140563965e-01
6.042333841323852539e-01
5.937077403068542480e-01
6.168515086174011230e-01
6.110393404960632324e-01
6.064059138298034668e-01
5.900350213050842285e-01
6.225177645683288574e-01
5.972511172294616699e-01
6.138721704483032227e-01
5.982719659805297852e-01
5.911836028099060059e-01
5.868922472000122070e-01
6.188762784004211426e-01
5.926715135574340820e-01
5.722879767417907715e-01
6.035909056663513184e-01
6.098384261131286621e-01
6.334575414657592773e-01
5.805885791778564453e-01
5.959387421607971191e-01
6.040944457054138184e-01
6.077210903167724609e-01
5.770050287246704102e-01
5.942783355712890625e-01
5.854266285896301270e-01
5.841326117515563965e-01
6.035041809082031250e-01
6.008396148681640625e-01
5.988033413887023926e-01
6.062451601028442383e-01
6.122134923934936523e-01
6.131922006607055664e-01
5.856658816337585449e-01
5.989532470703125000e-01
6.146742105484008789e-01
5.882349610328674316e-01
6.250520348548889160e-01
6.140989661216735840e-01
6.063783764839172363e-01
6.220707297325134277e-01
6.337971687316894531e-01
6.265767216682434082e-01
6.201645135879516602e-01
6.032382845878601074e-01
6.085159182548522949e-01
5.811027884483337402e-01
5.796829462051391602e-01
6.057381629943847656e-01
5.817012786865234375e-01
5.897353291511535645e-01
6.051113009452819824e-01
5.926426649093627930e-01
6.091569066047668457e-01
5.785521864891052246e-01
5.849000811576843262e-01
6.020228266716003418e-01
6.098083257675170898e-01
6.043862700462341309e-01
5.997133255004882812e-01
6.000284552574157715e-01
6.009625792503356934e-01
6.036456823348999023e-01
5.692226290702819824e-01
5.961359143257141113e-01
6.101461648941040039e-01
6.064326167106628418e-01
6.011660099029541016e-01
6.198751330375671387e-01
5.867710709571838379e-01
5.705478787422180176e-01
5.987402796745300293e-01
5.755370855331420898e-01
5.877072215080261230e-01
5.931386351585388184e-01
6.140621900558471680e-01
6.169220209121704102e-01
5.921897888183593750e-01
5.904107093811035156e-01
5.872947573661804199e-01
6.074191927909851074e-01
6.022052168846130371e-01
5.917299389839172363e-01
5.858904123306274414e-01
6.164408922195434570e-01
6.044756770133972168e-01
5.968843698501586914e-01
5.993079543113708496e-01
6.192442178726196289e-01
6.048287153244018555e-01
5.890697836875915527e-01
6.123771071434020996e-01
5.882416963577270508e-01
5.897530317306518555e-01
6.049539446830749512e-01
6.105324625968933105e-01
5.817204713821411133e-01
5.708387494087219238e-01
6.083897948265075684e-01
5.894045829772949219e-01
6.035785079002380371e-01
5.855993032455444336e-01
6.024095416069030762e-01
5.877023935317993164e-01
5.971887111663818359e-01
6.323429942131042480e-01
6.529599428176879883e-01
6.114647388458251953e-01
6.105787158012390137e-01
6.109100580215454102e-01
6.018518805503845215e-01
5.979856252670288086e-01
5.919198393821716309e-01
5.834785103797912598e-01
5.991091132164001465e-01
5.841152071952819824e-01
5.870540738105773926e-01
5.883833765983581543e-01
5.923514366149902344e-01
5.969370007514953613e-01
5.951756834983825684e-01
5.994586348533630371e-01
5.964483022689819336e-01
5.802856683731079102e-01
6.097102165222167969e-01
6.309438943862915039e-01
5.826612710952758789e-01
5.848369598388671875e-01
5.866332054138183594e-01
5.811451077461242676e-01
6.131858229637145996e-01
5.987602472305297852e-01
5.828647613525390625e-01
5.931133627891540527e-01
5.976285934448242188e-01
5.965545177459716797e-01
5.805882215499877930e-01
5.736997723579406738e-01
5.867904424667358398e-01
5.947759747505187988e-01
5.952098965644836426e-01
6.012919545173645020e-01
5.807797312736511230e-01
5.910827517509460449e-01
5.798748731613159180e-01
5.852400064468383789e-01
6.009314656257629395e-01
5.968242883682250977e-01
5.913013815879821777e-01
6.371303796768188477e-01
5.848210453987121582e-01
6.020312309265136719e-01
5.922519564628601074e-01
5.895218253135681152e-01
5.790991783142089844e-01
5.638610720634460449e-01
5.786105394363403320e-01
5.896049737930297852e-01
5.942635536193847656e-01
6.064668893814086914e-01
6.004840731620788574e-01
6.215505003929138184e-01
6.085919737815856934e-01
6.012212038040161133e-01
6.227933168411254883e-01
5.949649214744567871e-01
5.983548164367675781e-01
5.972132086753845215e-01
5.853548049926757812e-01
5.929591059684753418e-01
5.751803517341613770e-01
5.766255259513854980e-01
6.370881795883178711e-01
6.224034428596496582e-01
5.932627320289611816e-01
5.871896743774414062e-01
5.966871976852416992e-01
5.890081524848937988e-01
6.228846311569213867e-01
5.943531394004821777e-01
6.087946891784667969e-01
6.109133958816528320e-01
6.005000472068786621e-01
6.048800349235534668e-01
6.032974123954772949e-01
5.922505259513854980e-01
6.067764163017272949e-01
5.809295773506164551e-01
5.838394165039062500e-01
6.025711894035339355e-01
5.906191468238830566e-01
6.198233962059020996e-01
5.771953463554382324e-01
5.598883628845214844e-01
6.039869785308837891e-01
5.910785198211669922e-01
5.915784239768981934e-01
5.757086277008056641e-01
5.891333818435668945e-01
5.759427547454833984e-01
5.946158170700073242e-01
5.832318663597106934e-01
5.896932482719421387e-01
6.073855757713317871e-01
5.948221087455749512e-01
6.048559546470642090e-01
5.910241007804870605e-01
5.803796052932739258e-01
5.774737596511840820e-01
5.955006480216979980e-01
5.772046446800231934e-01
6.043635606765747070e-01
5.788177847862243652e-01
5.833783745765686035e-01
6.112633943557739258e-01
5.917530059814453125e-01
5.727427601814270020e-01
5.855866670608520508e-01
5.901824235916137695e-01
5.807908177375793457e-01
6.024298667907714844e-01
6.295022368431091309e-01
5.949591994285583496e-01
6.004838943481445312e-01
5.846595764160156250e-01
5.881111025810241699e-01
5.781435966491699219e-01
5.905401706695556641e-01
5.813185572624206543e-01
5.863437652587890625e-01
6.053676605224609375e-01
5.985076427459716797e-01
5.572510957717895508e-01
5.667558908462524414e-01
6.117472648620605469e-01
5.803151726722717285e-01
6.103071570396423340e-01
5.873634219169616699e-01
5.758156180381774902e-01
5.848587155342102051e-01
5.941734313964843750e-01
6.033581495285034180e-01
5.956498384475708008e-01
5.825814008712768555e-01
5.982522368431091309e-01
6.022217273712158203e-01
5.599702000617980957e-01
6.174356341361999512e-01
5.875075459480285645e-01
5.855640769004821777e-01
6.031078696250915527e-01
5.746154785156250000e-01
6.065880656242370605e-01
5.999976396560668945e-01
5.938046574592590332e-01
5.726696252822875977e-01
6.018976569175720215e-01
5.794951319694519043e-01
5.829014778137207031e-01
5.818817019462585449e-01
5.811728835105895996e-01
5.750901103019714355e-01
5.963562130928039551e-01
5.796767473220825195e-01
6.291567683219909668e-01
6.310130953788757324e-01
6.007167696952819824e-01
5.930323600769042969e-01
6.146096587181091309e-01
5.837710499763488770e-01
5.584560036659240723e-01
5.932163596153259277e-01
6.075391769409179688e-01
5.867214202880859375e-01
5.725379586219787598e-01
6.010408401489257812e-01
5.926921963691711426e-01
5.923629999160766602e-01
5.964263081550598145e-01
5.927649736404418945e-01
5.569167733192443848e-01
5.797142386436462402e-01
5.804481506347656250e-01
5.800742506980895996e-01
5.704484581947326660e-01
5.934525728225708008e-01
5.953508615493774414e-01
6.052296757698059082e-01
6.227168440818786621e-01
5.957340598106384277e-01
5.948695540428161621e-01
5.688872933387756348e-01
6.071572303771972656e-01
5.862295031547546387e-01
6.003651618957519531e-01
5.677695274353027344e-01
5.906318426132202148e-01
5.807241797447204590e-01
6.141815185546875000e-01
6.065950393676757812e-01
6.056756973266601562e-01
5.796647667884826660e-01
5.747553110122680664e-01
6.043319702148437500e-01
5.992156863212585449e-01
5.843779444694519043e-01
6.033649444580078125e-01
5.956038832664489746e-01
5.881382822990417480e-01
5.931312441825866699e-01
5.900794267654418945e-01
5.848177075386047363e-01
5.901040434837341309e-01
5.819501876831054688e-01
5.943213105201721191e-01
6.255446672439575195e-01
6.045874953269958496e-01
5.867007374763488770e-01
5.766860246658325195e-01
5.781590342521667480e-01
5.740303397178649902e-01
5.807875990867614746e-01
6.140629053115844727e-01
5.991575121879577637e-01
5.840342640876770020e-01
6.145910620689392090e-01
5.594713091850280762e-01
5.813278555870056152e-01
6.057884097099304199e-01
5.990790724754333496e-01
5.963603854179382324e-01
5.613729357719421387e-01
5.600233078002929688e-01
5.688576102256774902e-01
5.897707343101501465e-01
5.662374496459960938e-01
5.794777274131774902e-01
5.879916548728942871e-01
5.865771174430847168e-01
5.863783955574035645e-01
5.875340104103088379e-01
6.359991431236267090e-01
5.950333476066589355e-01
5.683715939521789551e-01
5.916653871536254883e-01
6.029860377311706543e-01
5.614007115364074707e-01
5.865991711616516113e-01
5.725263357162475586e-01
5.711761713027954102e-01
5.752991437911987305e-01
5.864368081092834473e-01
6.070240736007690430e-01
6.048184633255004883e-01
5.953993201255798340e-01
5.710693597793579102e-01
5.824355483055114746e-01
5.841607451438903809e-01
5.780612826347351074e-01
5.695001482963562012e-01
5.799883008003234863e-01
5.797128081321716309e-01
5.849421620368957520e-01
5.829789042472839355e-01
6.016553044319152832e-01
5.722684264183044434e-01
5.826771259307861328e-01
6.024260520935058594e-01
5.645890235900878906e-01
5.851597785949707031e-01
5.986997485160827637e-01
5.594431161880493164e-01
5.802536606788635254e-01
6.048716306686401367e-01
5.727502703666687012e-01
5.830406546592712402e-01
5.796521902084350586e-01
6.076807379722595215e-01
5.794482827186584473e-01
5.750359892845153809e-01
5.691831707954406738e-01
6.137068867683410645e-01
5.781829953193664551e-01
5.841670036315917969e-01
5.707617998123168945e-01
6.022223830223083496e-01
5.966884493827819824e-01
5.562107563018798828e-01
5.480448603630065918e-01
5.927646756172180176e-01
5.980584025382995605e-01
5.788763165473937988e-01
6.068862676620483398e-01
6.121649742126464844e-01
6.004144549369812012e-01
5.532161593437194824e-01
5.931689143180847168e-01
5.686650276184082031e-01
5.688143372535705566e-01
5.610334277153015137e-01
5.879568457603454590e-01
5.735358595848083496e-01
5.919184088706970215e-01
5.813791751861572266e-01
5.618826746940612793e-01
5.906698107719421387e-01
5.916950106620788574e-01
5.554205775260925293e-01
5.945157408714294434e-01
5.757932662963867188e-01
5.948531031608581543e-01
5.770437121391296387e-01
5.736718177795410156e-01
5.833135843276977539e-01
5.976654291152954102e-01
5.734988451004028320e-01
5.918914079666137695e-01
5.976428389549255371e-01
6.237813234329223633e-01
6.101258397102355957e-01
5.977262854576110840e-01
5.989611744880676270e-01
5.663502812385559082e-01
5.868088006973266602e-01
5.967556834220886230e-01
5.499395728111267090e-01
6.036815047264099121e-01
5.974553227424621582e-01
5.966597795486450195e-01
5.910623669624328613e-01
6.072096228599548340e-01
5.598961710929870605e-01
5.857736468315124512e-01
5.704700350761413574e-01
5.926720499992370605e-01
5.997867584228515625e-01
5.583922863006591797e-01
5.791097283363342285e-01
5.890559554100036621e-01
5.867540240287780762e-01
5.647684931755065918e-01
5.828502774238586426e-01
5.873011946678161621e-01
5.883561372756958008e-01
5.757474899291992188e-01
5.732615590095520020e-01
5.883545279502868652e-01
5.751265883445739746e-01
5.757841467857360840e-01
5.888838768005371094e-01
5.548934936523437500e-01
5.776082277297973633e-01
5.980594754219055176e-01
6.033141016960144043e-01
5.721763968467712402e-01
5.899938344955444336e-01
5.860137343406677246e-01
6.026830077171325684e-01
5.908970236778259277e-01
5.914808511734008789e-01
5.927843451499938965e-01
6.107308268547058105e-01
5.825070738792419434e-01
5.843972563743591309e-01
5.779304504394531250e-01
5.913874506950378418e-01
5.707120299339294434e-01
5.717979669570922852e-01
5.778101682662963867e-01
6.022426486015319824e-01
5.681434273719787598e-01
5.789129137992858887e-01
5.818707346916198730e-01
5.920267701148986816e-01
5.562042593955993652e-01
5.435934662818908691e-01
6.052665114402770996e-01
6.082779169082641602e-01
6.065682172775268555e-01
5.531328320503234863e-01
5.977427363395690918e-01
5.809957385063171387e-01
5.681695938110351562e-01
5.566517710685729980e-01
5.752676725387573242e-01
5.727507472038269043e-01
5.917925238609313965e-01
5.756430625915527344e-01
5.690342783927917480e-01
5.735275149345397949e-01
5.938779711723327637e-01
5.580107569694519043e-01
5.518624186515808105e-01
5.890245437622070312e-01
5.940625071525573730e-01
5.890435576438903809e-01
6.216883063316345215e-01
5.778036117553710938e-01
5.738107562065124512e-01
5.864112377166748047e-01
5.783571600914001465e-01
6.004971265792846680e-01
5.689467787742614746e-01
5.877724885940551758e-01
5.440779924392700195e-01
5.892289280891418457e-01
5.963117480278015137e-01
5.931847691535949707e-01
5.972511172294616699e-01
5.918077826499938965e-01
5.730383992195129395e-01
5.922575592994689941e-01
5.818737745285034180e-01
5.553394556045532227e-01
5.690630674362182617e-01
5.726916193962097168e-01
5.833972692489624023e-01
5.969900488853454590e-01
5.772265791893005371e-01
5.589222311973571777e-01
5.524573922157287598e-01
6.059684157371520996e-01
5.429404973983764648e-01
5.681211352348327637e-01
5.686263442039489746e-01
6.033996939659118652e-01
5.523633360862731934e-01
6.021003127098083496e-01
5.759374499320983887e-01
6.011462211608886719e-01
5.733768939971923828e-01
6.117555499076843262e-01
5.712925791740417480e-01
6.121798157691955566e-01
5.893495678901672363e-01
5.814464688301086426e-01
5.968033075332641602e-01
5.758821368217468262e-01
5.643887519836425781e-01
6.237149238586425781e-01
5.724511146545410156e-01
5.919091105461120605e-01
5.526625514030456543e-01
5.810226798057556152e-01
5.778886675834655762e-01
5.679551959037780762e-01
5.892328619956970215e-01
5.411599278450012207e-01
5.641285181045532227e-01
5.833525061607360840e-01
5.724769830703735352e-01
5.999034643173217773e-01
6.034147143363952637e-01
5.771949291229248047e-01
5.691201686859130859e-01
5.825090408325195312e-01
5.663401484489440918e-01
5.980872511863708496e-01
5.795599818229675293e-01
5.997857451438903809e-01
5.989876985549926758e-01
5.822005867958068848e-01
5.865316987037658691e-01
5.968238115310668945e-01
5.476801991462707520e-01
5.444307923316955566e-01
5.753218531608581543e-01
5.612425208091735840e-01
5.873984694480895996e-01
5.764331221580505371e-01
5.923709869384765625e-01
5.783905386924743652e-01
5.629000663757324219e-01
5.903455018997192383e-01
5.912821292877197266e-01
5.924429297447204590e-01
5.677980780601501465e-01
5.859785079956054688e-01
5.530546903610229492e-01
5.837727785110473633e-01
5.570651888847351074e-01
5.776533484458923340e-01
5.688129067420959473e-01
5.788630843162536621e-01
5.813805460929870605e-01
5.616761445999145508e-01
5.596742033958435059e-01
5.895447134971618652e-01
5.264574885368347168e-01
5.497496724128723145e-01
6.213807463645935059e-01
5.734618902206420898e-01
5.970017313957214355e-01
6.182648539543151855e-01
6.014385819435119629e-01
5.819698572158813477e-01
5.603711009025573730e-01
5.690036416053771973e-01
5.836665034294128418e-01
6.166140437126159668e-01
5.856114625930786133e-01
5.624634623527526855e-01
5.999079942703247070e-01
5.751276016235351562e-01
5.752930641174316406e-01
5.951108932495117188e-01
5.889040231704711914e-01
5.897127985954284668e-01
6.020070314407348633e-01
5.443510413169860840e-01
5.822343230247497559e-01
5.942580103874206543e-01
5.942850708961486816e-01
6.072179079055786133e-01
5.834638476371765137e-01
5.772917270660400391e-01
5.467027425765991211e-01
5.866967439651489258e-01
5.711860656738281250e-01
5.779008865356445312e-01
5.746148228645324707e-01
5.649725794792175293e-01
5.678512454032897949e-01
5.679328441619873047e-01
5.388351082801818848e-01
5.787594914436340332e-01
5.890015959739685059e-01
5.811875462532043457e-01
5.624048113822937012e-01
6.153334975242614746e-01
5.595852136611938477e-01
5.577642321586608887e-01
5.808730721473693848e-01
5.662699937820434570e-01
5.907961726188659668e-01
6.073458790779113770e-01
5.938791632652282715e-01
5.997356772422790527e-01
5.989340543746948242e-01
5.628885626792907715e-01
5.651001334190368652e-01
5.865857005119323730e-01
6.092756986618041992e-01
6.037120819091796875e-01
5.836932063102722168e-01
5.778980851173400879e-01
6.308104395866394043e-01
5.736293196678161621e-01
5.780086517333984375e-01
5.832157135009765625e-01
5.827482938766479492e-01
5.451990962028503418e-01
6.023914217948913574e-01
5.612855553627014160e-01
5.601853132247924805e-01
5.746870636940002441e-01
5.971335768699645996e-01
5.274909734725952148e-01
5.968562960624694824e-01
5.575942993164062500e-01
5.950075984001159668e-01
5.810307860374450684e-01
5.580811500549316406e-01
5.613368749618530273e-01
5.854720473289489746e-01
5.813572406768798828e-01
5.354624986648559570e-01
5.647145509719848633e-01
5.645456314086914062e-01
5.793219208717346191e-01
5.771420598030090332e-01
5.712434053421020508e-01
5.676851272583007812e-01
5.639493465423583984e-01
5.557913184165954590e-01
6.158617138862609863e-01
5.718150734901428223e-01
5.948762297630310059e-01
5.618500113487243652e-01
6.026517748832702637e-01
5.681046247482299805e-01
5.729260444641113281e-01
5.922031998634338379e-01
6.063260436058044434e-01
5.779345631599426270e-01
5.486847758293151855e-01
5.683265328407287598e-01
5.837369561195373535e-01
5.647855401039123535e-01
5.836540460586547852e-01
6.087725162506103516e-01
5.868045687675476074e-01
5.644839406013488770e-01
5.549020171165466309e-01
5.483412146568298340e-01
5.768783688545227051e-01
5.924028754234313965e-01
5.421814918518066406e-01
6.335116624832153320e-01
5.561891794204711914e-01
5.907351374626159668e-01
6.090018153190612793e-01
5.677757263183593750e-01
5.545606017112731934e-01
5.723168253898620605e-01
5.794642567634582520e-01
5.712995529174804688e-01
5.723745226860046387e-01
5.511665344238281250e-01
6.120271682739257812e-01
5.837326049804687500e-01
5.674862861633300781e-01
5.514341592788696289e-01
5.770459771156311035e-01
5.345091819763183594e-01
5.856923460960388184e-01
5.835942029953002930e-01
5.914213657379150391e-01
5.680474638938903809e-01
5.654363036155700684e-01
5.776574611663818359e-01
5.771436691284179688e-01
5.633611083030700684e-01
6.263524889945983887e-01
5.489609837532043457e-01
6.107395291328430176e-01
5.717245936393737793e-01
5.916528105735778809e-01
5.504001975059509277e-01
5.777338743209838867e-01
5.650984644889831543e-01
5.966736078262329102e-01
6.060423254966735840e-01
5.738307237625122070e-01
5.378351211547851562e-01
5.834405422210693359e-01
5.763546824455261230e-01
5.789458155632019043e-01
5.757834315299987793e-01
5.873409509658813477e-01
5.752841830253601074e-01
5.850083231925964355e-01
5.347270965576171875e-01
5.617640614509582520e-01
5.830593109130859375e-01
5.682541728019714355e-01
5.663941502571105957e-01
6.122759580612182617e-01
5.694501996040344238e-01
5.763711929321289062e-01
5.977894067764282227e-01
5.751435160636901855e-01
5.884495973587036133e-01
5.437499284744262695e-01
5.639125108718872070e-01
5.627424716949462891e-01
5.925027728080749512e-01
5.858955383300781250e-01
5.865206122398376465e-01
5.848438143730163574e-01
5.896256566047668457e-01
5.794452428817749023e-01
6.177359819412231445e-01
5.888090133666992188e-01
5.535926222801208496e-01
6.010974049568176270e-01
5.719900131225585938e-01
5.784382224082946777e-01
5.598519444465637207e-01
5.703337788581848145e-01
5.511342287063598633e-01
6.072808504104614258e-01
5.771933794021606445e-01
6.116479039192199707e-01
5.694383382797241211e-01
5.727298259735107422e-01
5.897076725959777832e-01
6.205851435661315918e-01
5.743016600608825684e-01
5.984420776367187500e-01
5.622122883796691895e-01
5.796027183532714844e-01
6.107064485549926758e-01
5.754547715187072754e-01
5.813164710998535156e-01
5.785881280899047852e-01
5.573056340217590332e-01
5.660852789878845215e-01
5.501991510391235352e-01
6.009224653244018555e-01
5.970550179481506348e-01
5.759598612785339355e-01
5.640713572502136230e-01
5.604727864265441895e-01
5.287422537803649902e-01
5.891081094741821289e-01
5.544789433479309082e-01
5.993762016296386719e-01
5.682943463325500488e-01
5.705193877220153809e-01
5.710322260856628418e-01
6.084389686584472656e-01
6.378268599510192871e-01
5.613868832588195801e-01
5.494402050971984863e-01
5.845238566398620605e-01
5.786378383636474609e-01
5.714482665061950684e-01
5.680347681045532227e-01
5.557872653007507324e-01
5.504599809646606445e-01
5.635747313499450684e-01
5.720472335815429688e-01
5.678842663764953613e-01
5.600277781486511230e-01
6.123071312904357910e-01
5.890094637870788574e-01
5.486974716186523438e-01
5.965414047241210938e-01
6.238555312156677246e-01
5.629877448081970215e-01
5.795577168464660645e-01
5.546085238456726074e-01
5.772210359573364258e-01
5.772683024406433105e-01
6.008995175361633301e-01
5.703095793724060059e-01
5.751628279685974121e-01
5.568952560424804688e-01
5.907322168350219727e-01
5.494715571403503418e-01
5.647009015083312988e-01
5.559353232383728027e-01
6.054850816726684570e-01
5.523577332496643066e-01
5.733942985534667969e-01
5.633675456047058105e-01
6.087847948074340820e-01
5.718497633934020996e-01
5.422771573066711426e-01
5.720083117485046387e-01
5.541478991508483887e-01
5.563777685165405273e-01
5.892023444175720215e-01
5.887227058410644531e-01
5.511476397514343262e-01
5.760907530784606934e-01
5.844175219535827637e-01
5.624684691429138184e-01
5.713766217231750488e-01
5.652204155921936035e-01
5.571450591087341309e-01
5.244686603546142578e-01
5.820024013519287109e-01
5.839399695396423340e-01
6.224520206451416016e-01
5.942851901054382324e-01
5.477266311645507812e-01
5.834757685661315918e-01
5.472924113273620605e-01
5.712125897407531738e-01
5.911171436309814453e-01
6.189350485801696777e-01
6.112738847732543945e-01
5.700548887252807617e-01
5.905475020408630371e-01
5.570771694183349609e-01
5.567936301231384277e-01
5.695537924766540527e-01
5.704721808433532715e-01
5.890193581581115723e-01
5.299690365791320801e-01
5.768100619316101074e-01
5.468640327453613281e-01
5.764889121055603027e-01
6.100456714630126953e-01
6.193367838859558105e-01
5.635655522346496582e-01
5.743374824523925781e-01
5.702367424964904785e-01
5.793735384941101074e-01
5.538322329521179199e-01
5.420094728469848633e-01
5.420067906379699707e-01
5.563365221023559570e-01
5.576577186584472656e-01
5.518568754196166992e-01
5.721408724784851074e-01
5.352023243904113770e-01
6.021293997764587402e-01
5.829727053642272949e-01
5.922727584838867188e-01
5.775834321975708008e-01
6.064478158950805664e-01
5.840326547622680664e-01
5.301548838615417480e-01
5.470820069313049316e-01
5.742352008819580078e-01
5.492135286331176758e-01
5.891915559768676758e-01
5.456242561340332031e-01
5.973095893859863281e-01
5.505987405776977539e-01
5.757974982261657715e-01
5.582293868064880371e-01
6.069686412811279297e-01
5.513142943382263184e-01
5.859028100967407227e-01
5.618531107902526855e-01
5.858502388000488281e-01
5.532968640327453613e-01
5.615133643150329590e-01
5.584201812744140625e-01
5.573310256004333496e-01
5.795049071311950684e-01
5.465058684349060059e-01
5.703314542770385742e-01
5.963416099548339844e-01
5.529179573059082031e-01
6.019386649131774902e-01
6.112651228904724121e-01
5.542814135551452637e-01
5.515800118446350098e-01
5.432904362678527832e-01
5.573315024375915527e-01
5.749188065528869629e-01
5.478543043136596680e-01
5.940993428230285645e-01
5.898796916007995605e-01
5.877769589424133301e-01
5.831663012504577637e-01
5.812476873397827148e-01
5.883435606956481934e-01
