7.315668463706970215e-01
7.196170687675476074e-01
6.995803713798522949e-01
6.904425024986267090e-01
6.639510393142700195e-01
6.470906138420104980e-01
6.430645585060119629e-01
6.519697904586791992e-01
6.433209776878356934e-01
6.260539889335632324e-01
6.245242357254028320e-01
6.159762740135192871e-01
6.185847520828247070e-01
6.079844832420349121e-01
5.985552668571472168e-01
5.927717089653015137e-01
5.853132605552673340e-01
5.888480544090270996e-01
5.922202467918395996e-01
6.002461314201354980e-01
5.791888236999511719e-01
5.641384124755859375e-01
5.778335928916931152e-01
5.707905292510986328e-01
5.677289366722106934e-01
5.632477998733520508e-01
5.803966522216796875e-01
5.604326128959655762e-01
5.491392016410827637e-01
5.602387785911560059e-01
5.357150435447692871e-01
5.346178412437438965e-01
5.344797968864440918e-01
5.339657664299011230e-01
5.366883873939514160e-01
5.600318908691406250e-01
5.203450918197631836e-01
5.349136590957641602e-01
5.216398835182189941e-01
5.144133567810058594e-01
5.208116769790649414e-01
5.090895891189575195e-01
5.084502100944519043e-01
5.190334916114807129e-01
5.064351558685302734e-01
5.016627311706542969e-01
5.015410780906677246e-01
4.927762150764465332e-01
4.952810406684875488e-01
5.026335120201110840e-01
4.944589734077453613e-01
4.845182001590728760e-01
4.912889003753662109e-01
4.771451950073242188e-01
4.826125800609588623e-01
4.718963205814361572e-01
4.854764044284820557e-01
4.703797399997711182e-01
4.853255450725555420e-01
4.677064120769500732e-01
4.614360332489013672e-01
4.615235328674316406e-01
4.628050029277801514e-01
4.656518995761871338e-01
4.750208854675292969e-01
4.668885171413421631e-01
4.585227966308593750e-01
4.652019441127777100e-01
4.476817548274993896e-01
4.558535516262054443e-01
4.690559804439544678e-01
4.451397061347961426e-01
4.488178193569183350e-01
4.507517516613006592e-01
4.431238174438476562e-01
4.426731765270233154e-01
4.325054287910461426e-01
4.440605342388153076e-01
4.380228221416473389e-01
4.316313564777374268e-01
4.592283368110656738e-01
4.304166734218597412e-01
4.255223274230957031e-01
4.402263760566711426e-01
4.392024576663970947e-01
4.296517074108123779e-01
4.157010614871978760e-01
4.257477819919586182e-01
4.201801717281341553e-01
4.087663590908050537e-01
4.078655242919921875e-01
4.111014902591705322e-01
4.203567504882812500e-01
4.113441407680511475e-01
4.039628505706787109e-01
4.041021466255187988e-01
4.697730243206024170e-01
4.039807319641113281e-01
4.014836251735687256e-01
3.925386965274810791e-01
3.961141407489776611e-01
4.080767631530761719e-01
4.067207276821136475e-01
3.932913839817047119e-01
4.104614257812500000e-01
3.961240947246551514e-01
3.913464248180389404e-01
3.912099301815032959e-01
4.282228648662567139e-01
3.986362516880035400e-01
3.870490491390228271e-01
4.016318023204803467e-01
3.890831172466278076e-01
3.909827768802642822e-01
3.961042761802673340e-01
4.049099385738372803e-01
3.799473345279693604e-01
3.888898789882659912e-01
3.903821706771850586e-01
3.911682963371276855e-01
3.949466347694396973e-01
3.797650635242462158e-01
3.924435973167419434e-01
3.768742978572845459e-01
3.760231137275695801e-01
3.743842542171478271e-01
3.851827085018157959e-01
3.793307244777679443e-01
3.689346909523010254e-01
3.736886084079742432e-01
3.680975139141082764e-01
3.652800321578979492e-01
3.830921947956085205e-01
3.646623194217681885e-01
3.774097859859466553e-01
3.627028167247772217e-01
3.810714781284332275e-01
3.649345338344573975e-01
3.672741353511810303e-01
3.641053438186645508e-01
3.965423107147216797e-01
3.665591180324554443e-01
3.641314208507537842e-01
3.937838077545166016e-01
3.793609440326690674e-01
3.715852200984954834e-01
3.618038594722747803e-01
3.650858998298645020e-01
3.736966252326965332e-01
3.637207150459289551e-01
3.617439866065979004e-01
3.756213784217834473e-01
3.657228648662567139e-01
3.587622642517089844e-01
3.521748185157775879e-01
3.627415299415588379e-01
3.558748662471771240e-01
3.784159719944000244e-01
3.634180426597595215e-01
3.546959459781646729e-01
3.777883052825927734e-01
3.466962873935699463e-01
3.495167493820190430e-01
3.559028208255767822e-01
3.615222275257110596e-01
3.564362823963165283e-01
3.575944602489471436e-01
3.469804823398590088e-01
3.590350747108459473e-01
3.640458285808563232e-01
3.584618866443634033e-01
3.443700969219207764e-01
3.559727370738983154e-01
3.468811213970184326e-01
3.538723587989807129e-01
3.603262901306152344e-01
3.457015454769134521e-01
3.558335006237030029e-01
3.495405614376068115e-01
3.601157367229461670e-01
3.533122241497039795e-01
3.483754098415374756e-01
3.343154489994049072e-01
3.507345616817474365e-01
3.512377440929412842e-01
3.556039929389953613e-01
3.474901914596557617e-01
3.415834009647369385e-01
3.473941385746002197e-01
3.503690958023071289e-01
3.356682956218719482e-01
3.368737697601318359e-01
3.555862605571746826e-01
3.381797075271606445e-01
3.429509997367858887e-01
3.468067348003387451e-01
3.641772866249084473e-01
3.429279625415802002e-01
3.295602798461914062e-01
3.366220593452453613e-01
3.424238860607147217e-01
3.437447547912597656e-01
3.338539898395538330e-01
3.421160876750946045e-01
3.310232758522033691e-01
3.275970518589019775e-01
3.635932505130767822e-01
3.359548747539520264e-01
3.453793525695800781e-01
3.403170108795166016e-01
3.309825360774993896e-01
3.433575630187988281e-01
3.300038278102874756e-01
3.481946289539337158e-01
3.357632458209991455e-01
3.297280371189117432e-01
3.315528929233551025e-01
3.440316915512084961e-01
3.465507626533508301e-01
3.268186151981353760e-01
3.350852429866790771e-01
3.319272994995117188e-01
3.309802711009979248e-01
3.338401913642883301e-01
3.337344527244567871e-01
3.335303962230682373e-01
3.210084438323974609e-01
3.257465064525604248e-01
3.483015596866607666e-01
3.819030523300170898e-01
3.302896618843078613e-01
3.410787284374237061e-01
3.361403048038482666e-01
3.182616233825683594e-01
3.358008563518524170e-01
3.218669891357421875e-01
3.311518728733062744e-01
3.233219385147094727e-01
3.341509103775024414e-01
3.162633180618286133e-01
3.219440877437591553e-01
3.439483940601348877e-01
3.273011744022369385e-01
3.178801834583282471e-01
3.171639144420623779e-01
3.232673704624176025e-01
3.451199233531951904e-01
3.256279826164245605e-01
3.461312353610992432e-01
3.222586214542388916e-01
3.700041174888610840e-01
3.278081417083740234e-01
3.273832798004150391e-01
3.324179649353027344e-01
3.163783252239227295e-01
3.255476355552673340e-01
3.408001661300659180e-01
3.330656290054321289e-01
3.183202445507049561e-01
3.376952111721038818e-01
3.201879858970642090e-01
3.182053267955780029e-01
3.214225769042968750e-01
3.189234137535095215e-01
3.405576348304748535e-01
3.095922172069549561e-01
3.143918216228485107e-01
3.234435617923736572e-01
3.243966698646545410e-01
3.234921991825103760e-01
3.113175034523010254e-01
3.238681256771087646e-01
3.142302334308624268e-01
3.158074021339416504e-01
3.119464814662933350e-01
3.168742656707763672e-01
3.125455975532531738e-01
3.180307447910308838e-01
3.066719174385070801e-01
3.122790157794952393e-01
3.174479603767395020e-01
3.125249147415161133e-01
3.212101161479949951e-01
3.065398931503295898e-01
3.055970966815948486e-01
3.248688280582427979e-01
3.181533515453338623e-01
3.180452883243560791e-01
3.246929347515106201e-01
3.342945873737335205e-01
3.408270776271820068e-01
3.143647313117980957e-01
3.154182136058807373e-01
3.064878880977630615e-01
3.661203086376190186e-01
3.204067349433898926e-01
3.044539988040924072e-01
3.019421100616455078e-01
3.249710500240325928e-01
3.097272813320159912e-01
3.089266717433929443e-01
3.087720572948455811e-01
3.077980279922485352e-01
3.138523399829864502e-01
3.201533257961273193e-01
3.501970469951629639e-01
3.046938478946685791e-01
2.998021543025970459e-01
3.021181821823120117e-01
3.015415668487548828e-01
3.123782277107238770e-01
3.029070496559143066e-01
3.095732331275939941e-01
3.081989288330078125e-01
3.204255998134613037e-01
3.213883340358734131e-01
3.083123862743377686e-01
3.032800257205963135e-01
3.216094970703125000e-01
3.073517382144927979e-01
3.042791783809661865e-01
3.019542992115020752e-01
3.134194314479827881e-01
2.949105799198150635e-01
3.212350308895111084e-01
3.102754056453704834e-01
3.206709027290344238e-01
3.219721019268035889e-01
3.001832664012908936e-01
3.005648851394653320e-01
3.092988133430480957e-01
3.151106834411621094e-01
3.117289543151855469e-01
3.031340241432189941e-01
3.085759282112121582e-01
3.175886571407318115e-01
2.978772819042205811e-01
2.936570942401885986e-01
3.323688507080078125e-01
2.993587255477905273e-01
2.968714833259582520e-01
3.030768632888793945e-01
3.058964908123016357e-01
3.105412721633911133e-01
2.946459949016571045e-01
2.996647953987121582e-01
2.953623533248901367e-01
2.951911389827728271e-01
3.057915270328521729e-01
2.986109852790832520e-01
2.904887199401855469e-01
2.967268526554107666e-01
3.078933358192443848e-01
3.017385005950927734e-01
3.174160420894622803e-01
3.014238476753234863e-01
2.993207871913909912e-01
3.003053665161132812e-01
2.933467030525207520e-01
3.121521174907684326e-01
3.038346469402313232e-01
2.977146506309509277e-01
2.919186055660247803e-01
2.991069555282592773e-01
2.976733446121215820e-01
2.958020865917205811e-01
2.903922200202941895e-01
3.071976602077484131e-01
3.060033321380615234e-01
2.972089052200317383e-01
2.928822040557861328e-01
2.996459305286407471e-01
3.027798831462860107e-01
2.943148314952850342e-01
3.288822770118713379e-01
2.883640229701995850e-01
2.921697795391082764e-01
2.938814163208007812e-01
2.999287247657775879e-01
2.977107465267181396e-01
2.877288162708282471e-01
2.900131344795227051e-01
2.983256280422210693e-01
2.929265201091766357e-01
2.956306636333465576e-01
3.004871904850006104e-01
3.020203113555908203e-01
2.882824838161468506e-01
2.953960895538330078e-01
2.976457178592681885e-01
3.053211271762847900e-01
2.876774966716766357e-01
2.923686504364013672e-01
3.076638877391815186e-01
2.832957208156585693e-01
3.223243355751037598e-01
2.891677320003509521e-01
2.983779013156890869e-01
3.093730509281158447e-01
3.308951556682586670e-01
2.899642884731292725e-01
2.958588302135467529e-01
2.920887172222137451e-01
2.987907826900482178e-01
2.920274436473846436e-01
3.035593926906585693e-01
2.981514930725097656e-01
2.882966995239257812e-01
3.257533013820648193e-01
3.201136589050292969e-01
2.928147315979003906e-01
2.911472618579864502e-01
2.998261451721191406e-01
2.930824458599090576e-01
2.988947033882141113e-01
2.849864065647125244e-01
2.893653810024261475e-01
2.821192145347595215e-01
3.106598854064941406e-01
2.877331078052520752e-01
2.877787649631500244e-01
2.776981890201568604e-01
2.838717997074127197e-01
2.845963835716247559e-01
2.837409079074859619e-01
2.773910760879516602e-01
2.945029735565185547e-01
2.874791622161865234e-01
3.061442971229553223e-01
2.864735722541809082e-01
2.982821464538574219e-01
2.951284050941467285e-01
2.908669710159301758e-01
2.943155765533447266e-01
2.939836680889129639e-01
2.925286293029785156e-01
2.932425439357757568e-01
2.879949510097503662e-01
2.972554266452789307e-01
2.909619212150573730e-01
2.830065190792083740e-01
2.799490988254547119e-01
2.767149806022644043e-01
2.913863956928253174e-01
2.743113636970520020e-01
2.814274728298187256e-01
2.788940072059631348e-01
2.855826020240783691e-01
3.446512520313262939e-01
2.828952372074127197e-01
3.169988095760345459e-01
2.836598455905914307e-01
2.966931462287902832e-01
2.771401405334472656e-01
3.010765910148620605e-01
3.013950884342193604e-01
3.005368113517761230e-01
2.840205430984497070e-01
2.782707512378692627e-01
2.851572930812835693e-01
2.920299172401428223e-01
2.761209905147552490e-01
2.980132400989532471e-01
2.801000773906707764e-01
2.877391278743743896e-01
3.077326416969299316e-01
2.880515754222869873e-01
2.920833528041839600e-01
2.750859260559082031e-01
2.936627864837646484e-01
2.919479906558990479e-01
2.903510630130767822e-01
2.791720032691955566e-01
2.884841561317443848e-01
2.917444407939910889e-01
2.818416357040405273e-01
2.830056846141815186e-01
2.825387418270111084e-01
2.750717699527740479e-01
2.772328853607177734e-01
3.093970715999603271e-01
2.715696096420288086e-01
2.744409739971160889e-01
2.751359045505523682e-01
2.744795083999633789e-01
2.854157388210296631e-01
2.739622592926025391e-01
2.743526697158813477e-01
3.053123652935028076e-01
2.759090065956115723e-01
2.957244813442230225e-01
3.041370809078216553e-01
2.776646912097930908e-01
2.676130831241607666e-01
3.053591251373291016e-01
2.947946190834045410e-01
2.906842231750488281e-01
2.845364511013031006e-01
2.771757841110229492e-01
2.839456200599670410e-01
2.816088795661926270e-01
2.796594798564910889e-01
2.725944519042968750e-01
3.032836019992828369e-01
2.764130830764770508e-01
2.831180691719055176e-01
2.772179245948791504e-01
2.692884504795074463e-01
2.844030857086181641e-01
2.748303413391113281e-01
2.674393653869628906e-01
2.796250879764556885e-01
2.711573541164398193e-01
2.881467342376708984e-01
2.890387475490570068e-01
2.783245444297790527e-01
2.877192497253417969e-01
2.666776776313781738e-01
2.738225162029266357e-01
2.661281228065490723e-01
2.741412818431854248e-01
2.703857421875000000e-01
2.742954790592193604e-01
2.785804867744445801e-01
2.952159345149993896e-01
2.749701440334320068e-01
2.781302928924560547e-01
2.981954514980316162e-01
2.862834930419921875e-01
2.754165828227996826e-01
2.762770652770996094e-01
2.840758264064788818e-01
2.706649005413055420e-01
2.691667079925537109e-01
2.976695001125335693e-01
2.788440287113189697e-01
2.899709343910217285e-01
2.679265439510345459e-01
2.682788968086242676e-01
2.897242605686187744e-01
2.692176401615142822e-01
2.673242688179016113e-01
2.842434048652648926e-01
2.682826519012451172e-01
2.946217954158782959e-01
2.755774259567260742e-01
2.666152417659759521e-01
2.628578841686248779e-01
2.691996693611145020e-01
2.956102788448333740e-01
2.859792411327362061e-01
2.789165973663330078e-01
2.777684330940246582e-01
2.779693007469177246e-01
2.626159191131591797e-01
2.804197967052459717e-01
2.652904987335205078e-01
2.667682468891143799e-01
2.777616083621978760e-01
2.593877017498016357e-01
3.150863647460937500e-01
2.590916156768798828e-01
2.658960819244384766e-01
2.674486637115478516e-01
2.755983471870422363e-01
2.750436961650848389e-01
2.845270335674285889e-01
2.837377190589904785e-01
2.674503028392791748e-01
2.649248540401458740e-01
2.662044465541839600e-01
2.624736428260803223e-01
2.770538330078125000e-01
2.634042203426361084e-01
2.692911326885223389e-01
2.714303433895111084e-01
2.808691561222076416e-01
2.693580985069274902e-01
2.622870206832885742e-01
2.623837590217590332e-01
2.667235136032104492e-01
2.650463283061981201e-01
3.256494700908660889e-01
2.950578629970550537e-01
2.637622952461242676e-01
2.849993705749511719e-01
2.696903645992279053e-01
2.640318870544433594e-01
2.907545566558837891e-01
2.722904682159423828e-01
2.748416662216186523e-01
2.806631624698638916e-01
2.787377834320068359e-01
2.696192264556884766e-01
2.757933735847473145e-01
2.933200895786285400e-01
2.613280415534973145e-01
2.626065909862518311e-01
2.772204875946044922e-01
2.657885551452636719e-01
2.673253417015075684e-01
2.671767175197601318e-01
2.634716331958770752e-01
2.896665334701538086e-01
3.022030293941497803e-01
2.638738751411437988e-01
2.687221169471740723e-01
2.682414948940277100e-01
2.703548073768615723e-01
2.637771368026733398e-01
2.619538009166717529e-01
2.767111361026763916e-01
2.601804137229919434e-01
2.636266648769378662e-01
2.582547068595886230e-01
2.750019133090972900e-01
2.583726048469543457e-01
2.797493040561676025e-01
2.633175551891326904e-01
2.577340602874755859e-01
2.801623940467834473e-01
2.663517594337463379e-01
2.564328312873840332e-01
2.636095285415649414e-01
2.650037705898284912e-01
2.908541560173034668e-01
2.633011043071746826e-01
2.627390325069427490e-01
2.569006681442260742e-01
2.711060345172882080e-01
2.798916697502136230e-01
2.650276124477386475e-01
2.483633607625961304e-01
2.566854059696197510e-01
2.583000659942626953e-01
2.903152406215667725e-01
2.626498043537139893e-01
2.990500628948211670e-01
2.619281113147735596e-01
2.611712515354156494e-01
2.607239186763763428e-01
2.580542266368865967e-01
2.583010196685791016e-01
2.628261148929595947e-01
2.528181970119476318e-01
2.613856494426727295e-01
2.685964107513427734e-01
2.703458964824676514e-01
2.636670470237731934e-01
2.652220129966735840e-01
2.618176043033599854e-01
2.574257850646972656e-01
2.741801440715789795e-01
2.662575244903564453e-01
2.643279731273651123e-01
2.519748806953430176e-01
2.732785940170288086e-01
2.684880197048187256e-01
2.546814382076263428e-01
2.622662484645843506e-01
2.593091428279876709e-01
2.662351429462432861e-01
2.600843012332916260e-01
2.769466042518615723e-01
2.560414373874664307e-01
2.669536471366882324e-01
2.638322412967681885e-01
2.563578784465789795e-01
2.538525164127349854e-01
2.581269443035125732e-01
2.729184329509735107e-01
2.637335360050201416e-01
2.646261751651763916e-01
2.654525935649871826e-01
2.718300223350524902e-01
2.828166186809539795e-01
2.599484622478485107e-01
2.531642019748687744e-01
2.560977339744567871e-01
2.533039152622222900e-01
2.565051019191741943e-01
2.781096994876861572e-01
2.783697247505187988e-01
2.753293514251708984e-01
2.559463679790496826e-01
2.737913727760314941e-01
2.707765698432922363e-01
2.553846836090087891e-01
2.617106437683105469e-01
2.702971696853637695e-01
2.814854681491851807e-01
2.503615617752075195e-01
2.555401027202606201e-01
2.594715356826782227e-01
2.765367627143859863e-01
2.490845918655395508e-01
2.486608028411865234e-01
2.633565068244934082e-01
2.518285512924194336e-01
2.535508871078491211e-01
2.533651888370513916e-01
2.588322758674621582e-01
2.525094151496887207e-01
2.478966712951660156e-01
2.533801496028900146e-01
2.637247741222381592e-01
2.508735060691833496e-01
2.896990478038787842e-01
2.870841920375823975e-01
2.625561654567718506e-01
2.510291934013366699e-01
2.484842538833618164e-01
2.684230208396911621e-01
2.682482600212097168e-01
2.527018785476684570e-01
2.598315179347991943e-01
2.775283157825469971e-01
2.477956265211105347e-01
2.503488659858703613e-01
2.571275532245635986e-01
2.555286586284637451e-01
2.552799880504608154e-01
2.707077860832214355e-01
2.870638072490692139e-01
2.653353214263916016e-01
2.820421457290649414e-01
2.555173337459564209e-01
2.863177359104156494e-01
2.482552528381347656e-01
2.600252330303192139e-01
2.503533065319061279e-01
2.901498377323150635e-01
2.473849058151245117e-01
2.556000649929046631e-01
2.467087358236312866e-01
2.584173083305358887e-01
2.592326700687408447e-01
2.461218088865280151e-01
2.687356472015380859e-01
2.504387795925140381e-01
2.580014169216156006e-01
2.519761025905609131e-01
2.520167827606201172e-01
2.512625157833099365e-01
2.597316205501556396e-01
2.489069551229476929e-01
2.478469461202621460e-01
2.465258389711380005e-01
2.497446537017822266e-01
2.721390426158905029e-01
2.735474705696105957e-01
2.490891516208648682e-01
2.488088607788085938e-01
2.679092288017272949e-01
2.456163018941879272e-01
2.644480764865875244e-01
2.437769919633865356e-01
2.482856810092926025e-01
2.476292103528976440e-01
2.689987421035766602e-01
2.635357975959777832e-01
2.473192065954208374e-01
2.467623203992843628e-01
2.481833994388580322e-01
2.771965861320495605e-01
2.668974995613098145e-01
2.464137524366378784e-01
2.519617974758148193e-01
2.528420090675354004e-01
2.519570887088775635e-01
2.482172101736068726e-01
2.428086847066879272e-01
2.569687366485595703e-01
2.507703900337219238e-01
2.514667212963104248e-01
2.551136016845703125e-01
2.379931509494781494e-01
2.471360266208648682e-01
2.676842808723449707e-01
2.532540261745452881e-01
2.761425673961639404e-01
2.416502982378005981e-01
2.481122314929962158e-01
2.469676584005355835e-01
2.638438642024993896e-01
2.498492300510406494e-01
2.496321648359298706e-01
2.498543709516525269e-01
2.486248314380645752e-01
2.656199932098388672e-01
2.567915916442871094e-01
2.558831870555877686e-01
2.465569078922271729e-01
2.384655028581619263e-01
2.927670478820800781e-01
2.734733819961547852e-01
2.490492910146713257e-01
2.420953810214996338e-01
2.524649500846862793e-01
2.530960440635681152e-01
