6.941086649894714355e-01
6.584727168083190918e-01
6.376446485519409180e-01
6.156143546104431152e-01
6.086147427558898926e-01
5.870246291160583496e-01
5.899149775505065918e-01
5.844395160675048828e-01
5.605894327163696289e-01
5.781236886978149414e-01
5.714151263236999512e-01
5.628294348716735840e-01
5.340699553489685059e-01
5.366169810295104980e-01
5.586397051811218262e-01
5.017378330230712891e-01
5.178633928298950195e-01
4.983761906623840332e-01
4.645658433437347412e-01
4.943516254425048828e-01
4.853509962558746338e-01
4.277577996253967285e-01
4.512795507907867432e-01
4.280759394168853760e-01
4.551867544651031494e-01
4.386033713817596436e-01
3.811898231506347656e-01
4.131519794464111328e-01
4.128791987895965576e-01
3.537575602531433105e-01
4.364336133003234863e-01
3.635987341403961182e-01
3.837370574474334717e-01
4.342184066772460938e-01
4.041856229305267334e-01
3.682113289833068848e-01
3.420042693614959717e-01
3.800033628940582275e-01
3.758020401000976562e-01
3.539503216743469238e-01
3.361407220363616943e-01
3.414581716060638428e-01
3.213095664978027344e-01
3.329401016235351562e-01
3.434123098850250244e-01
3.951978981494903564e-01
3.451261520385742188e-01
3.491773605346679688e-01
3.382383286952972412e-01
3.561047017574310303e-01
3.243712782859802246e-01
3.217451274394989014e-01
3.335622549057006836e-01
3.278663754463195801e-01
3.554571866989135742e-01
3.655571341514587402e-01
2.805870175361633301e-01
3.250556290149688721e-01
3.239456415176391602e-01
3.350597321987152100e-01
3.152864873409271240e-01
3.023332655429840088e-01
2.815351188182830811e-01
3.567526936531066895e-01
3.043006956577301025e-01
3.709969818592071533e-01
2.588688433170318604e-01
2.730390131473541260e-01
3.694618344306945801e-01
3.100306093692779541e-01
2.998747527599334717e-01
2.737219035625457764e-01
2.715378701686859131e-01
2.772465646266937256e-01
3.120737969875335693e-01
2.788522839546203613e-01
3.054542541503906250e-01
3.102379739284515381e-01
2.736502289772033691e-01
3.162970840930938721e-01
3.219580650329589844e-01
2.911818027496337891e-01
3.029200732707977295e-01
2.580398321151733398e-01
2.929152548313140869e-01
2.719683647155761719e-01
2.747429013252258301e-01
2.772150635719299316e-01
3.004954755306243896e-01
2.949614226818084717e-01
2.697111070156097412e-01
2.610474526882171631e-01
2.814836204051971436e-01
2.617130279541015625e-01
2.540459334850311279e-01
2.569783926010131836e-01
2.811789810657501221e-01
2.553155124187469482e-01
2.501005828380584717e-01
2.626938223838806152e-01
2.969014644622802734e-01
2.620236575603485107e-01
2.462103813886642456e-01
3.155428469181060791e-01
2.372145205736160278e-01
3.253532946109771729e-01
2.535065710544586182e-01
2.397251576185226440e-01
2.485577911138534546e-01
2.787403762340545654e-01
2.535572648048400879e-01
2.373389154672622681e-01
2.285603731870651245e-01
2.660504877567291260e-01
2.567303776741027832e-01
2.380313426256179810e-01
2.302076071500778198e-01
2.735280990600585938e-01
2.552781999111175537e-01
2.496570199728012085e-01
2.232014983892440796e-01
2.175596803426742554e-01
2.467039674520492554e-01
2.402121126651763916e-01
2.276480942964553833e-01
2.347212135791778564e-01
2.242902368307113647e-01
2.765988409519195557e-01
2.412171214818954468e-01
2.825872600078582764e-01
2.105746269226074219e-01
2.419555485248565674e-01
2.414776831865310669e-01
2.002867460250854492e-01
2.121577709913253784e-01
2.355446517467498779e-01
2.291910648345947266e-01
2.338110953569412231e-01
2.147080898284912109e-01
2.570439875125885010e-01
2.250001877546310425e-01
2.323340177536010742e-01
1.957634389400482178e-01
2.479581087827682495e-01
2.003685086965560913e-01
2.120243310928344727e-01
2.400885671377182007e-01
2.477624267339706421e-01
2.392397671937942505e-01
2.141052335500717163e-01
2.070579975843429565e-01
2.425245493650436401e-01
2.068757265806198120e-01
1.961015015840530396e-01
2.011661976575851440e-01
2.779254019260406494e-01
2.481713742017745972e-01
2.136663496494293213e-01
2.594346106052398682e-01
2.085904628038406372e-01
