7.491421103477478027e-01
7.114930152893066406e-01
6.881076693534851074e-01
6.646376848220825195e-01
6.672385931015014648e-01
6.453765034675598145e-01
6.359804272651672363e-01
6.261799931526184082e-01
6.028291583061218262e-01
6.213480234146118164e-01
6.206534504890441895e-01
5.956679582595825195e-01
6.040499210357666016e-01
6.069306731224060059e-01
5.689005255699157715e-01
5.780664682388305664e-01
5.812610983848571777e-01
5.664486289024353027e-01
5.830461382865905762e-01
5.301905870437622070e-01
5.584251284599304199e-01
5.422667860984802246e-01
5.457209944725036621e-01
5.171057581901550293e-01
5.099068284034729004e-01
5.112674832344055176e-01
5.086588859558105469e-01
4.905196130275726318e-01
5.203627347946166992e-01
5.158395171165466309e-01
4.915513098239898682e-01
4.731628000736236572e-01
4.921712577342987061e-01
4.624900519847869873e-01
4.664087295532226562e-01
4.631288647651672363e-01
4.850089251995086670e-01
4.729249179363250732e-01
4.535272717475891113e-01
4.403195381164550781e-01
4.460944831371307373e-01
4.308900833129882812e-01
4.518494606018066406e-01
4.376618862152099609e-01
4.603118002414703369e-01
4.362188279628753662e-01
4.392440021038055420e-01
4.655075967311859131e-01
4.118690490722656250e-01
4.730641543865203857e-01
4.539675712585449219e-01
4.187093675136566162e-01
4.289193153381347656e-01
3.884163796901702881e-01
4.139945209026336670e-01
3.907462656497955322e-01
4.230495095252990723e-01
3.876192867755889893e-01
3.878630399703979492e-01
4.246433675289154053e-01
4.015647470951080322e-01
4.069839417934417725e-01
4.115552902221679688e-01
4.158219397068023682e-01
4.085969924926757812e-01
3.676654994487762451e-01
3.817327916622161865e-01
3.804617822170257568e-01
3.790527284145355225e-01
3.853400349617004395e-01
4.211199283599853516e-01
3.985504209995269775e-01
3.614660203456878662e-01
3.673659265041351318e-01
3.820812404155731201e-01
3.827650249004364014e-01
3.434310555458068848e-01
3.940448462963104248e-01
3.607735633850097656e-01
3.661479353904724121e-01
3.742449283599853516e-01
3.878170549869537354e-01
3.790862262248992920e-01
4.079101681709289551e-01
3.764933049678802490e-01
3.999000191688537598e-01
3.520785868167877197e-01
3.576417565345764160e-01
4.059502184391021729e-01
3.986888825893402100e-01
3.287799060344696045e-01
3.553670048713684082e-01
3.443411290645599365e-01
3.400104045867919922e-01
3.406629264354705811e-01
3.863092958927154541e-01
3.943748176097869873e-01
3.807017505168914795e-01
3.319990634918212891e-01
3.605144023895263672e-01
3.467957675457000732e-01
3.344289958477020264e-01
3.509510457515716553e-01
3.750147521495819092e-01
4.009049534797668457e-01
4.032489359378814697e-01
3.084709644317626953e-01
3.366434276103973389e-01
3.504543006420135498e-01
3.595821559429168701e-01
3.522138595581054688e-01
3.330147862434387207e-01
3.288277089595794678e-01
3.678782582283020020e-01
3.453775346279144287e-01
3.435070216655731201e-01
3.850820958614349365e-01
3.241169750690460205e-01
3.243385851383209229e-01
3.289494514465332031e-01
3.680714964866638184e-01
3.266533017158508301e-01
3.333025574684143066e-01
3.311248421669006348e-01
3.027238547801971436e-01
3.175126612186431885e-01
3.644801080226898193e-01
2.924266159534454346e-01
2.962122857570648193e-01
3.513419628143310547e-01
3.495530784130096436e-01
3.180139660835266113e-01
3.277936577796936035e-01
3.331061899662017822e-01
3.221865594387054443e-01
2.994383275508880615e-01
3.007741570472717285e-01
3.048117756843566895e-01
2.692264616489410400e-01
2.778978943824768066e-01
3.255277574062347412e-01
2.903885543346405029e-01
3.760991990566253662e-01
3.120855093002319336e-01
3.068303167819976807e-01
2.876217961311340332e-01
3.323501348495483398e-01
3.034564852714538574e-01
3.134584128856658936e-01
3.126685321331024170e-01
3.237718641757965088e-01
3.034623563289642334e-01
3.410540223121643066e-01
2.912155091762542725e-01
3.215403258800506592e-01
3.655611574649810791e-01
2.937729656696319580e-01
3.174435794353485107e-01
2.976263761520385742e-01
2.951648533344268799e-01
2.690756320953369141e-01
2.871618270874023438e-01
2.901493012905120850e-01
3.276109397411346436e-01
2.944833934307098389e-01
3.039210736751556396e-01
3.190889954566955566e-01
3.234024047851562500e-01
2.971185147762298584e-01
2.952791750431060791e-01
3.475658595561981201e-01
3.146780431270599365e-01
3.254586458206176758e-01
3.070600330829620361e-01
3.358001708984375000e-01
2.741931080818176270e-01
2.971547245979309082e-01
2.990833520889282227e-01
2.824978530406951904e-01
2.881959974765777588e-01
3.159928023815155029e-01
2.718913257122039795e-01
3.147062957286834717e-01
2.810778319835662842e-01
3.026405870914459229e-01
2.904870510101318359e-01
2.605113089084625244e-01
3.075930774211883545e-01
3.088084161281585693e-01
2.792454659938812256e-01
2.676748037338256836e-01
2.593157291412353516e-01
3.498242795467376709e-01
2.596971094608306885e-01
3.121577501296997070e-01
3.435268402099609375e-01
3.252452909946441650e-01
2.794784605503082275e-01
2.892068922519683838e-01
3.095356523990631104e-01
2.917883098125457764e-01
2.950974702835083008e-01
2.755767405033111572e-01
2.883019447326660156e-01
3.045421242713928223e-01
2.709306180477142334e-01
2.721231877803802490e-01
2.674841582775115967e-01
3.002933859825134277e-01
2.566544115543365479e-01
3.303529322147369385e-01
2.849685847759246826e-01
2.872136533260345459e-01
2.847712934017181396e-01
3.107150793075561523e-01
2.744081914424896240e-01
2.788210511207580566e-01
3.119883537292480469e-01
2.600409090518951416e-01
2.785880565643310547e-01
3.140163421630859375e-01
2.629515230655670166e-01
2.670846879482269287e-01
2.857475578784942627e-01
2.435773909091949463e-01
2.952579557895660400e-01
2.800140082836151123e-01
2.552683055400848389e-01
2.716462314128875732e-01
2.786425650119781494e-01
2.499707192182540894e-01
2.738334834575653076e-01
2.827925384044647217e-01
2.577223777770996094e-01
3.358874022960662842e-01
2.760713696479797363e-01
2.800179421901702881e-01
2.677046358585357666e-01
3.139877319335937500e-01
3.058921098709106445e-01
3.005912899971008301e-01
2.982771098613739014e-01
3.221418559551239014e-01
2.763170897960662842e-01
3.297442197799682617e-01
2.807615399360656738e-01
2.773823440074920654e-01
2.502342164516448975e-01
2.873521149158477783e-01
2.628460824489593506e-01
2.281619608402252197e-01
2.805213630199432373e-01
2.405869960784912109e-01
2.567218542098999023e-01
2.565375864505767822e-01
2.999117076396942139e-01
3.448820114135742188e-01
2.678500115871429443e-01
2.642393112182617188e-01
2.997696995735168457e-01
2.659768760204315186e-01
2.866062223911285400e-01
2.272379845380783081e-01
2.633234262466430664e-01
2.712935507297515869e-01
2.426026314496994019e-01
2.439077943563461304e-01
2.626068890094757080e-01
2.587617933750152588e-01
2.509896457195281982e-01
2.485557645559310913e-01
2.333881109952926636e-01
3.034242093563079834e-01
2.604721188545227051e-01
2.811586558818817139e-01
2.258118689060211182e-01
2.615647017955780029e-01
2.522921264171600342e-01
2.698812484741210938e-01
3.103010356426239014e-01
2.509666383266448975e-01
2.877418398857116699e-01
3.251428604125976562e-01
2.763819396495819092e-01
2.437145262956619263e-01
2.532797455787658691e-01
2.361667007207870483e-01
2.774826586246490479e-01
2.771234512329101562e-01
2.686406373977661133e-01
2.527000606060028076e-01
2.632262110710144043e-01
2.595730423927307129e-01
2.757951319217681885e-01
2.608662545680999756e-01
2.463904619216918945e-01
2.530190050601959229e-01
2.473506480455398560e-01
2.335349172353744507e-01
2.826910912990570068e-01
2.785334289073944092e-01
3.011226356029510498e-01
2.328014820814132690e-01
2.218136638402938843e-01
2.670848667621612549e-01
3.219993114471435547e-01
2.874646186828613281e-01
2.392311543226242065e-01
2.492740154266357422e-01
2.472552806138992310e-01
2.903481423854827881e-01
2.343780547380447388e-01
2.788930535316467285e-01
2.407716363668441772e-01
2.381178587675094604e-01
3.317759931087493896e-01
2.789866626262664795e-01
2.254903167486190796e-01
2.491370737552642822e-01
2.932290136814117432e-01
2.577387392520904541e-01
2.436080276966094971e-01
2.884460389614105225e-01
3.020690381526947021e-01
2.474141865968704224e-01
2.339451760053634644e-01
2.388496696949005127e-01
2.619046270847320557e-01
2.339891493320465088e-01
2.801538407802581787e-01
2.028433829545974731e-01
2.726261615753173828e-01
2.734501063823699951e-01
2.214933931827545166e-01
2.756005227565765381e-01
2.364530116319656372e-01
2.675811648368835449e-01
2.533747851848602295e-01
2.479948252439498901e-01
3.163696825504302979e-01
2.206976860761642456e-01
2.240312397480010986e-01
2.107770442962646484e-01
2.206730097532272339e-01
3.021801412105560303e-01
2.518303990364074707e-01
2.821933329105377197e-01
2.689500451087951660e-01
2.575428783893585205e-01
2.991007566452026367e-01
2.915033996105194092e-01
3.346352577209472656e-01
2.355066984891891479e-01
2.125782072544097900e-01
2.183201760053634644e-01
2.876162528991699219e-01
2.744782865047454834e-01
2.535459995269775391e-01
2.413065433502197266e-01
3.114069998264312744e-01
3.031649887561798096e-01
2.458871454000473022e-01
3.226857185363769531e-01
2.456589490175247192e-01
2.578924298286437988e-01
2.231073826551437378e-01
2.403923273086547852e-01
2.243016809225082397e-01
3.193056285381317139e-01
2.579267919063568115e-01
2.592307925224304199e-01
2.517777681350708008e-01
2.520928084850311279e-01
2.610985934734344482e-01
2.295511811971664429e-01
2.094831019639968872e-01
2.246496230363845825e-01
2.463666945695877075e-01
2.022234201431274414e-01
2.690586745738983154e-01
2.125238478183746338e-01
2.275363951921463013e-01
2.003367394208908081e-01
2.412942498922348022e-01
2.159356325864791870e-01
2.511564195156097412e-01
2.762726545333862305e-01
2.270494997501373291e-01
2.195988893508911133e-01
2.397657930850982666e-01
2.303476631641387939e-01
2.046894580125808716e-01
2.904834747314453125e-01
2.935352325439453125e-01
2.505519092082977295e-01
2.809921205043792725e-01
2.249077856540679932e-01
2.754353582859039307e-01
2.262056916952133179e-01
2.778412401676177979e-01
2.344373762607574463e-01
2.240290194749832153e-01
2.697539031505584717e-01
2.100077122449874878e-01
2.366582900285720825e-01
2.911658287048339844e-01
2.600339055061340332e-01
2.352772802114486694e-01
3.092683255672454834e-01
2.633759975433349609e-01
2.515930831432342529e-01
2.236901819705963135e-01
1.933851093053817749e-01
2.466375678777694702e-01
2.082062810659408569e-01
2.198076248168945312e-01
2.320147305727005005e-01
2.331764549016952515e-01
2.945188283920288086e-01
2.222515195608139038e-01
2.174490541219711304e-01
2.699955999851226807e-01
2.677611410617828369e-01
2.431259602308273315e-01
2.681125700473785400e-01
2.273663282394409180e-01
2.220013588666915894e-01
3.453041017055511475e-01
2.734096646308898926e-01
1.900269985198974609e-01
2.598601281642913818e-01
2.133470773696899414e-01
2.447123825550079346e-01
2.398307770490646362e-01
2.317685633897781372e-01
2.238537520170211792e-01
2.247850745916366577e-01
2.178381532430648804e-01
2.108186334371566772e-01
2.393882274627685547e-01
2.071388214826583862e-01
2.263399660587310791e-01
2.383383810520172119e-01
2.543040215969085693e-01
2.426459044218063354e-01
2.284898757934570312e-01
2.761681973934173584e-01
2.135740369558334351e-01
3.514815270900726318e-01
2.210771888494491577e-01
2.183092683553695679e-01
2.360354512929916382e-01
2.765857279300689697e-01
2.330702990293502808e-01
2.482858151197433472e-01
2.736316621303558350e-01
2.101303189992904663e-01
2.649184763431549072e-01
2.711342573165893555e-01
2.110584229230880737e-01
2.566489279270172119e-01
2.643933892250061035e-01
2.747046053409576416e-01
2.016856670379638672e-01
2.153077870607376099e-01
2.226444333791732788e-01
2.491164654493331909e-01
2.221196144819259644e-01
2.373315840959548950e-01
2.265537232160568237e-01
2.110383063554763794e-01
2.510457932949066162e-01
2.713476121425628662e-01
2.197348624467849731e-01
2.565518617630004883e-01
2.776205539703369141e-01
2.377712577581405640e-01
2.457545846700668335e-01
1.962353438138961792e-01
2.862382531166076660e-01
2.069054096937179565e-01
2.164009064435958862e-01
2.593062818050384521e-01
2.544113099575042725e-01
2.382308542728424072e-01
2.168587893247604370e-01
2.063458263874053955e-01
2.592978477478027344e-01
2.582232356071472168e-01
2.485025674104690552e-01
2.580272555351257324e-01
2.216116636991500854e-01
2.478911429643630981e-01
2.078675776720046997e-01
2.275011092424392700e-01
2.511425912380218506e-01
2.430558204650878906e-01
2.423060983419418335e-01
2.950083315372467041e-01
2.419029772281646729e-01
2.354321479797363281e-01
2.524307966232299805e-01
1.956761032342910767e-01
2.184118777513504028e-01
2.851295173168182373e-01
2.385373413562774658e-01
2.227734625339508057e-01
2.104055881500244141e-01
2.426324933767318726e-01
2.301907986402511597e-01
2.555011510848999023e-01
2.037758827209472656e-01
2.278192341327667236e-01
2.048181146383285522e-01
1.979319304227828979e-01
2.754576206207275391e-01
3.031443059444427490e-01
2.361775934696197510e-01
2.316888570785522461e-01
2.727824747562408447e-01
2.375699579715728760e-01
2.016817629337310791e-01
2.130628675222396851e-01
2.417201995849609375e-01
2.151114940643310547e-01
2.078758478164672852e-01
2.111387252807617188e-01
2.273166179656982422e-01
2.053875923156738281e-01
1.965796202421188354e-01
2.368709594011306763e-01
1.896520107984542847e-01
2.495425790548324585e-01
2.496614009141921997e-01
2.658439576625823975e-01
2.226469516754150391e-01
2.999765872955322266e-01
2.157603055238723755e-01
2.198959439992904663e-01
1.805568337440490723e-01
2.364309281110763550e-01
2.284986078739166260e-01
2.466126978397369385e-01
2.360078543424606323e-01
2.384120523929595947e-01
2.393324226140975952e-01
2.418142408132553101e-01
2.076284438371658325e-01
2.543431222438812256e-01
2.160532027482986450e-01
2.014271467924118042e-01
1.977398842573165894e-01
2.746478915214538574e-01
2.365035116672515869e-01
2.761125564575195312e-01
1.726842224597930908e-01
2.273853570222854614e-01
2.301586717367172241e-01
2.647506296634674072e-01
1.712812036275863647e-01
2.327597886323928833e-01
2.271752208471298218e-01
2.242070287466049194e-01
2.742353677749633789e-01
2.006123811006546021e-01
1.946502476930618286e-01
1.898148506879806519e-01
2.444754093885421753e-01
2.142385542392730713e-01
2.228306382894515991e-01
2.249271869659423828e-01
1.828762143850326538e-01
2.686402797698974609e-01
2.716428935527801514e-01
2.105047702789306641e-01
2.772369384765625000e-01
2.383811473846435547e-01
2.271070033311843872e-01
2.583146691322326660e-01
2.382690906524658203e-01
2.484609931707382202e-01
2.032097429037094116e-01
2.413944453001022339e-01
2.528932094573974609e-01
2.169411629438400269e-01
2.915351390838623047e-01
1.964388340711593628e-01
2.588619887828826904e-01
2.934073507785797119e-01
2.171186208724975586e-01
2.141980677843093872e-01
2.444014102220535278e-01
1.944167613983154297e-01
2.371162474155426025e-01
2.691069841384887695e-01
3.303909897804260254e-01
1.974959969520568848e-01
2.325285524129867554e-01
2.433694154024124146e-01
2.071105092763900757e-01
2.098440378904342651e-01
2.601313292980194092e-01
2.493949681520462036e-01
2.453517913818359375e-01
1.924760341644287109e-01
2.370952665805816650e-01
2.258343696594238281e-01
2.023231983184814453e-01
2.122488468885421753e-01
2.216420173645019531e-01
1.952640861272811890e-01
2.229171246290206909e-01
2.413372844457626343e-01
2.589051425457000732e-01
2.560016810894012451e-01
2.583599388599395752e-01
2.424974888563156128e-01
2.470937818288803101e-01
1.907119899988174438e-01
1.980461925268173218e-01
2.504188120365142822e-01
1.914568692445755005e-01
2.141782343387603760e-01
2.380959987640380859e-01
2.265258282423019409e-01
2.040296792984008789e-01
2.582750022411346436e-01
2.010785341262817383e-01
2.334717065095901489e-01
2.566513717174530029e-01
2.373839616775512695e-01
2.096433192491531372e-01
2.679385244846343994e-01
2.255016863346099854e-01
1.966730803251266479e-01
1.907987147569656372e-01
1.972830295562744141e-01
2.018050998449325562e-01
2.189637720584869385e-01
1.893394589424133301e-01
1.828609555959701538e-01
2.044349759817123413e-01
2.176831811666488647e-01
2.183188945055007935e-01
2.100020945072174072e-01
2.571067512035369873e-01
2.706792652606964111e-01
2.034862488508224487e-01
2.079917937517166138e-01
3.127821981906890869e-01
2.561775445938110352e-01
1.989802271127700806e-01
2.399953156709671021e-01
2.574202418327331543e-01
2.368477433919906616e-01
2.003982514142990112e-01
2.193036079406738281e-01
2.175879925489425659e-01
2.293919622898101807e-01
2.402941286563873291e-01
2.260586470365524292e-01
2.551801800727844238e-01
2.334481030702590942e-01
2.323453873395919800e-01
2.137391865253448486e-01
2.586171925067901611e-01
2.162374109029769897e-01
2.528473138809204102e-01
2.237661927938461304e-01
2.174543887376785278e-01
1.710880547761917114e-01
2.285942882299423218e-01
2.219337224960327148e-01
1.744559258222579956e-01
1.824111938476562500e-01
2.297279834747314453e-01
1.945780515670776367e-01
2.106560021638870239e-01
2.196425199508666992e-01
1.918343454599380493e-01
2.032424211502075195e-01
2.257292717695236206e-01
2.042071074247360229e-01
2.561814785003662109e-01
1.904258280992507935e-01
1.890306323766708374e-01
2.372448444366455078e-01
2.409065067768096924e-01
1.996969282627105713e-01
2.005165666341781616e-01
2.283557504415512085e-01
2.035782337188720703e-01
2.050877362489700317e-01
2.070032209157943726e-01
2.520852088928222656e-01
2.455018609762191772e-01
2.277791351079940796e-01
2.507620751857757568e-01
2.336663752794265747e-01
1.692379117012023926e-01
2.009464353322982788e-01
2.087287008762359619e-01
2.405937761068344116e-01
1.788042336702346802e-01
2.251825332641601562e-01
2.188597768545150757e-01
2.275438308715820312e-01
1.975972503423690796e-01
2.074606269598007202e-01
2.223312407732009888e-01
2.464673072099685669e-01
2.354840338230133057e-01
2.608026564121246338e-01
2.457269430160522461e-01
2.591032981872558594e-01
2.383509427309036255e-01
2.366693466901779175e-01
2.190004438161849976e-01
2.186255306005477905e-01
2.211412340402603149e-01
1.808170229196548462e-01
2.532620131969451904e-01
2.245766669511795044e-01
2.816252410411834717e-01
2.759909033775329590e-01
2.162661105394363403e-01
2.573968172073364258e-01
1.772145777940750122e-01
1.980881243944168091e-01
2.074728012084960938e-01
2.047267407178878784e-01
1.956432312726974487e-01
2.333906143903732300e-01
1.686390489339828491e-01
1.938548386096954346e-01
2.279179096221923828e-01
2.237291634082794189e-01
2.741088867187500000e-01
2.104951888322830200e-01
1.955614835023880005e-01
1.962487250566482544e-01
2.177079170942306519e-01
1.898127347230911255e-01
2.006253749132156372e-01
2.802318632602691650e-01
2.330552637577056885e-01
2.486215680837631226e-01
2.014959603548049927e-01
1.919406056404113770e-01
2.895840406417846680e-01
2.482568025588989258e-01
2.048706859350204468e-01
2.310665100812911987e-01
2.438360750675201416e-01
2.012389004230499268e-01
2.526861727237701416e-01
2.442486286163330078e-01
2.371205836534500122e-01
2.191708385944366455e-01
2.385438680648803711e-01
2.557472884654998779e-01
1.660201847553253174e-01
1.937686055898666382e-01
2.406828850507736206e-01
2.865695953369140625e-01
2.178060114383697510e-01
2.559041678905487061e-01
2.282669842243194580e-01
1.994049102067947388e-01
2.103523761034011841e-01
1.983635276556015015e-01
2.520979344844818115e-01
2.285561859607696533e-01
2.292227745056152344e-01
2.335688620805740356e-01
2.086851596832275391e-01
2.899134159088134766e-01
1.878943294286727905e-01
2.167795896530151367e-01
2.761076390743255615e-01
2.186700403690338135e-01
1.801701635122299194e-01
2.404103726148605347e-01
1.798649281263351440e-01
1.962251663208007812e-01
1.994346827268600464e-01
1.925113350152969360e-01
2.204694747924804688e-01
2.024629563093185425e-01
2.219595015048980713e-01
2.463097572326660156e-01
1.987113803625106812e-01
1.635835617780685425e-01
1.709339171648025513e-01
2.093154489994049072e-01
1.691265702247619629e-01
1.982747614383697510e-01
2.126439362764358521e-01
2.211146801710128784e-01
2.109594047069549561e-01
2.028646767139434814e-01
2.280050069093704224e-01
2.347907125949859619e-01
2.465579062700271606e-01
2.930383682250976562e-01
2.115913480520248413e-01
2.679006457328796387e-01
1.920541971921920776e-01
1.832138597965240479e-01
2.254852503538131714e-01
2.440584003925323486e-01
2.234977483749389648e-01
2.957888245582580566e-01
2.026403397321701050e-01
2.544414103031158447e-01
1.717289537191390991e-01
2.128799259662628174e-01
2.350806295871734619e-01
2.058227509260177612e-01
2.025615721940994263e-01
2.318112850189208984e-01
1.754805594682693481e-01
1.760556995868682861e-01
1.832999438047409058e-01
1.673757582902908325e-01
2.104425281286239624e-01
2.323770374059677124e-01
1.975555121898651123e-01
2.095903903245925903e-01
2.337523549795150757e-01
2.259410172700881958e-01
2.329054325819015503e-01
2.200157642364501953e-01
1.740027517080307007e-01
2.423794716596603394e-01
2.244590371847152710e-01
2.213375121355056763e-01
1.845473051071166992e-01
2.178110182285308838e-01
2.240079492330551147e-01
2.084829360246658325e-01
1.658131480216979980e-01
1.926266402006149292e-01
2.097993344068527222e-01
2.249578982591629028e-01
2.398999035358428955e-01
2.157733887434005737e-01
1.713734418153762817e-01
2.030536681413650513e-01
1.910257786512374878e-01
2.800292670726776123e-01
2.627398669719696045e-01
1.936037540435791016e-01
2.155338823795318604e-01
2.033315747976303101e-01
2.758373320102691650e-01
2.298471182584762573e-01
2.123328894376754761e-01
2.026830762624740601e-01
2.789188325405120850e-01
2.268167585134506226e-01
2.481201142072677612e-01
2.014542669057846069e-01
2.678572237491607666e-01
1.836583465337753296e-01
1.854348033666610718e-01
2.122986167669296265e-01
2.355021536350250244e-01
2.012653201818466187e-01
2.020472586154937744e-01
2.186186164617538452e-01
1.914314776659011841e-01
2.471943944692611694e-01
2.270229905843734741e-01
1.986588537693023682e-01
1.753333061933517456e-01
1.655244678258895874e-01
1.901961117982864380e-01
2.265703678131103516e-01
1.858574599027633667e-01
1.779033392667770386e-01
2.419394701719284058e-01
2.653375566005706787e-01
1.963656395673751831e-01
2.456116229295730591e-01
1.863196343183517456e-01
2.298571616411209106e-01
2.121177017688751221e-01
2.358063757419586182e-01
2.660126388072967529e-01
2.241403609514236450e-01
2.327748388051986694e-01
2.186487913131713867e-01
2.056320458650588989e-01
2.436177730560302734e-01
2.017815560102462769e-01
2.070363014936447144e-01
2.250934690237045288e-01
2.446136027574539185e-01
2.365573495626449585e-01
1.814739704132080078e-01
2.676161825656890869e-01
1.913754492998123169e-01
2.085049599409103394e-01
1.827339231967926025e-01
1.659130603075027466e-01
1.974461078643798828e-01
2.401623725891113281e-01
1.907461136579513550e-01
1.953743398189544678e-01
1.834416240453720093e-01
2.082960903644561768e-01
1.977787762880325317e-01
1.915755718946456909e-01
2.049419879913330078e-01
1.951206177473068237e-01
2.147122919559478760e-01
2.286538183689117432e-01
1.896608620882034302e-01
1.947855502367019653e-01
2.441636323928833008e-01
2.732189595699310303e-01
2.491998225450515747e-01
1.869342029094696045e-01
1.825981587171554565e-01
1.576603651046752930e-01
2.149660885334014893e-01
1.879466623067855835e-01
2.096455395221710205e-01
2.331286221742630005e-01
2.638772428035736084e-01
1.958029121160507202e-01
2.640356421470642090e-01
2.510645091533660889e-01
2.057797014713287354e-01
1.975400298833847046e-01
2.129846662282943726e-01
1.667810082435607910e-01
1.889990419149398804e-01
2.418765574693679810e-01
2.022018432617187500e-01
1.674553602933883667e-01
2.318068742752075195e-01
2.443695813417434692e-01
2.000637054443359375e-01
2.567288279533386230e-01
1.775388568639755249e-01
2.174990922212600708e-01
1.944618821144104004e-01
2.163117378950119019e-01
2.018702030181884766e-01
2.067048102617263794e-01
2.036448270082473755e-01
2.192216962575912476e-01
1.896340996026992798e-01
2.275530844926834106e-01
2.521362304687500000e-01
1.683340519666671753e-01
1.624125093221664429e-01
2.067445665597915649e-01
1.783637553453445435e-01
1.982558220624923706e-01
1.711153835058212280e-01
2.660537362098693848e-01
2.663016617298126221e-01
2.499630898237228394e-01
1.912039369344711304e-01
2.425462305545806885e-01
2.401187419891357422e-01
2.403825372457504272e-01
2.160678952932357788e-01
1.718539297580718994e-01
2.722661197185516357e-01
2.077387869358062744e-01
1.899443119764328003e-01
1.805359572172164917e-01
2.043282538652420044e-01
1.964202374219894409e-01
2.170169800519943237e-01
2.606694996356964111e-01
2.094987183809280396e-01
2.292280644178390503e-01
2.064998596906661987e-01
1.914715915918350220e-01
1.845987141132354736e-01
2.362071275711059570e-01
2.032481431961059570e-01
2.068268358707427979e-01
1.427004784345626831e-01
2.192157804965972900e-01
2.018006891012191772e-01
2.450094968080520630e-01
2.179903984069824219e-01
1.550813913345336914e-01
2.428073436021804810e-01
1.854798048734664917e-01
1.999676227569580078e-01
2.525138854980468750e-01
2.195318043231964111e-01
2.459774017333984375e-01
1.579893678426742554e-01
1.938521116971969604e-01
2.142188996076583862e-01
2.479445934295654297e-01
2.411890029907226562e-01
2.048852294683456421e-01
1.553404331207275391e-01
2.148711234331130981e-01
2.044182866811752319e-01
2.051006406545639038e-01
1.921766102313995361e-01
2.152982205152511597e-01
2.664382159709930420e-01
1.923242211341857910e-01
1.875988394021987915e-01
1.785561144351959229e-01
1.661755740642547607e-01
2.167405635118484497e-01
2.284427732229232788e-01
1.756690740585327148e-01
1.708339452743530273e-01
2.169563323259353638e-01
2.062717229127883911e-01
1.774543821811676025e-01
1.858457773923873901e-01
2.244541645050048828e-01
2.090023756027221680e-01
1.786838322877883911e-01
1.958142966032028198e-01
1.888547241687774658e-01
2.138081640005111694e-01
2.173468619585037231e-01
1.982843130826950073e-01
2.274004071950912476e-01
1.915056258440017700e-01
1.849627047777175903e-01
1.869136542081832886e-01
1.915661543607711792e-01
2.570216655731201172e-01
1.670119911432266235e-01
2.131852656602859497e-01
1.946091502904891968e-01
2.533405721187591553e-01
2.225796282291412354e-01
1.679267883300781250e-01
2.026325017213821411e-01
2.050282508134841919e-01
2.126446962356567383e-01
2.338333576917648315e-01
1.540080308914184570e-01
1.818859130144119263e-01
1.619726419448852539e-01
2.516286969184875488e-01
2.260765582323074341e-01
1.831659376621246338e-01
2.702856063842773438e-01
2.497907131910324097e-01
3.385048806667327881e-01
2.014493495225906372e-01
1.677311807870864868e-01
2.318371385335922241e-01
1.987598538398742676e-01
2.386661022901535034e-01
1.855858117341995239e-01
2.506861686706542969e-01
1.903623640537261963e-01
1.930059939622879028e-01
2.092252075672149658e-01
1.816281527280807495e-01
1.680755466222763062e-01
1.715282648801803589e-01
1.798460334539413452e-01
1.757396906614303589e-01
2.084832638502120972e-01
2.262042015790939331e-01
2.078855484724044800e-01
2.460331916809082031e-01
1.910720169544219971e-01
2.007924318313598633e-01
1.602162420749664307e-01
2.223986685276031494e-01
2.564539015293121338e-01
1.908610612154006958e-01
1.593199968338012695e-01
1.791318058967590332e-01
1.858810782432556152e-01
1.989810317754745483e-01
1.635793447494506836e-01
1.991420090198516846e-01
2.183098047971725464e-01
2.031528502702713013e-01
1.793528646230697632e-01
1.892514526844024658e-01
1.778603941202163696e-01
1.751962006092071533e-01
2.234797924757003784e-01
2.114884108304977417e-01
1.995870172977447510e-01
2.048892080783843994e-01
1.850712001323699951e-01
2.188982516527175903e-01
1.926074773073196411e-01
2.179645299911499023e-01
2.127891778945922852e-01
1.960185617208480835e-01
2.096604108810424805e-01
2.361056357622146606e-01
1.905215382575988770e-01
2.227023094892501831e-01
2.384421378374099731e-01
2.086886018514633179e-01
1.890336722135543823e-01
2.130088657140731812e-01
2.229655832052230835e-01
1.758136600255966187e-01
2.423325031995773315e-01
2.127942293882369995e-01
1.974246352910995483e-01
1.846387237310409546e-01
1.782409548759460449e-01
1.692531853914260864e-01
2.151050120592117310e-01
1.682622134685516357e-01
2.134760171175003052e-01
1.787224262952804565e-01
1.969788521528244019e-01
2.184011191129684448e-01
2.533837854862213135e-01
1.678542643785476685e-01
1.932405978441238403e-01
2.312102317810058594e-01
1.848381459712982178e-01
1.990340203046798706e-01
2.312413752079010010e-01
2.013212293386459351e-01
2.032023966312408447e-01
2.100569754838943481e-01
2.314283847808837891e-01
2.290332615375518799e-01
2.330427616834640503e-01
1.685554534196853638e-01
2.490147203207015991e-01
2.071705162525177002e-01
1.733658760786056519e-01
2.590326368808746338e-01
2.266057580709457397e-01
2.618298828601837158e-01
1.820404380559921265e-01
1.923945844173431396e-01
1.676821261644363403e-01
2.016590386629104614e-01
1.649970263242721558e-01
2.019489854574203491e-01
2.189598381519317627e-01
1.967295408248901367e-01
2.398022264242172241e-01
2.109916657209396362e-01
2.214562743902206421e-01
1.778510361909866333e-01
2.456643134355545044e-01
2.585749626159667969e-01
1.933275908231735229e-01
2.054478228092193604e-01
1.957991570234298706e-01
1.749320179224014282e-01
2.154064625501632690e-01
1.565743535757064819e-01
2.110929489135742188e-01
2.402607053518295288e-01
2.254921048879623413e-01
2.196720689535140991e-01
1.760964840650558472e-01
1.910796612501144409e-01
1.773949116468429565e-01
1.836827844381332397e-01
1.893458813428878784e-01
2.325115650892257690e-01
2.227057069540023804e-01
1.718634068965911865e-01
2.154608815908432007e-01
2.086992263793945312e-01
2.202601879835128784e-01
2.124531567096710205e-01
2.643409073352813721e-01
2.075424045324325562e-01
1.873211860656738281e-01
1.951316893100738525e-01
1.750295460224151611e-01
2.340056002140045166e-01
1.701844930648803711e-01
2.462784051895141602e-01
2.320654839277267456e-01
1.866131275892257690e-01
1.930704414844512939e-01
1.839158833026885986e-01
1.706955283880233765e-01
2.084189504384994507e-01
1.878231316804885864e-01
1.546699255704879761e-01
2.104755491018295288e-01
2.915016114711761475e-01
1.622999757528305054e-01
1.570822745561599731e-01
1.971030682325363159e-01
1.693819016218185425e-01
1.864804625511169434e-01
2.333127111196517944e-01
1.791474074125289917e-01
1.824765950441360474e-01
2.012436389923095703e-01
2.105229645967483521e-01
2.474332898855209351e-01
1.583048552274703979e-01
2.105561345815658569e-01
2.246954888105392456e-01
1.968336552381515503e-01
1.797281354665756226e-01
1.913732737302780151e-01
1.926572769880294800e-01
1.658001244068145752e-01
2.268747538328170776e-01
1.726578921079635620e-01
1.809750348329544067e-01
2.145557850599288940e-01
2.031934559345245361e-01
1.651072502136230469e-01
2.114935219287872314e-01
1.649402827024459839e-01
2.078394740819931030e-01
2.343034744262695312e-01
2.068782150745391846e-01
2.446034997701644897e-01
1.741836518049240112e-01
1.869484931230545044e-01
1.667231768369674683e-01
2.116616517305374146e-01
2.190010547637939453e-01
1.780811101198196411e-01
2.080129384994506836e-01
1.840298622846603394e-01
1.809853613376617432e-01
2.398152351379394531e-01
1.872051358222961426e-01
1.727413237094879150e-01
2.131019681692123413e-01
2.093208283185958862e-01
2.226682752370834351e-01
1.697956621646881104e-01
1.686937659978866577e-01
1.975151598453521729e-01
1.869096606969833374e-01
1.896550655364990234e-01
2.350106686353683472e-01
2.042586058378219604e-01
2.098400890827178955e-01
1.772188693284988403e-01
1.997071653604507446e-01
2.157281935214996338e-01
1.542433947324752808e-01
2.446268796920776367e-01
2.589015662670135498e-01
2.020144015550613403e-01
2.539034783840179443e-01
1.790035963058471680e-01
2.179400771856307983e-01
2.167910784482955933e-01
1.708913594484329224e-01
2.422090321779251099e-01
2.104202359914779663e-01
1.822097748517990112e-01
2.264841645956039429e-01
2.183899730443954468e-01
2.476441413164138794e-01
1.945363432168960571e-01
1.860721856355667114e-01
1.519181728363037109e-01
2.556380331516265869e-01
1.593460738658905029e-01
2.342009097337722778e-01
1.857788264751434326e-01
1.819007992744445801e-01
2.278234064579010010e-01
1.916750967502593994e-01
1.540358066558837891e-01
2.323251813650131226e-01
2.147172242403030396e-01
2.132332623004913330e-01
1.642854213714599609e-01
1.818185299634933472e-01
2.346287220716476440e-01
1.921517252922058105e-01
1.882935613393783569e-01
1.501656919717788696e-01
1.915988922119140625e-01
2.403647899627685547e-01
2.219472974538803101e-01
2.867534160614013672e-01
1.631875485181808472e-01
1.870283633470535278e-01
1.913667470216751099e-01
1.953800320625305176e-01
1.473647654056549072e-01
1.874913424253463745e-01
1.791726350784301758e-01
1.870647221803665161e-01
1.752956360578536987e-01
1.987637281417846680e-01
1.699276119470596313e-01
1.603984385728836060e-01
1.920723915100097656e-01
1.856799274682998657e-01
1.846868246793746948e-01
1.859715431928634644e-01
1.756745427846908569e-01
1.778429746627807617e-01
1.759794801473617554e-01
2.890412211418151855e-01
2.172014266252517700e-01
1.838933974504470825e-01
1.795978993177413940e-01
1.750076264142990112e-01
2.103943675756454468e-01
2.121508121490478516e-01
1.909386217594146729e-01
1.781223863363265991e-01
2.142705023288726807e-01
2.156750410795211792e-01
1.419920772314071655e-01
1.721958369016647339e-01
1.421906948089599609e-01
1.496745347976684570e-01
3.075982630252838135e-01
1.665403097867965698e-01
2.935420572757720947e-01
1.974336355924606323e-01
2.460217922925949097e-01
2.467918395996093750e-01
2.107574492692947388e-01
2.070904821157455444e-01
2.003491669893264771e-01
1.963293403387069702e-01
1.607933789491653442e-01
2.019878923892974854e-01
1.975547373294830322e-01
2.221273481845855713e-01
1.973161846399307251e-01
1.863169223070144653e-01
2.215624302625656128e-01
1.690905392169952393e-01
1.909395307302474976e-01
2.550226151943206787e-01
2.101264297962188721e-01
2.248753607273101807e-01
2.077880948781967163e-01
2.068866938352584839e-01
1.711149513721466064e-01
1.929903030395507812e-01
1.335140317678451538e-01
1.823547780513763428e-01
2.519198954105377197e-01
1.957212537527084351e-01
1.562315672636032104e-01
1.234207972884178162e-01
1.898287981748580933e-01
1.758852899074554443e-01
1.922246962785720825e-01
1.595060676336288452e-01
2.825296819210052490e-01
2.123494893312454224e-01
1.812588125467300415e-01
1.815658807754516602e-01
2.141610383987426758e-01
1.595188826322555542e-01
1.908252090215682983e-01
2.041639387607574463e-01
1.732792109251022339e-01
1.672614365816116333e-01
1.827898323535919189e-01
2.584656178951263428e-01
2.386831343173980713e-01
2.089155018329620361e-01
2.020852863788604736e-01
1.730090379714965820e-01
1.710499525070190430e-01
1.910914629697799683e-01
1.880473196506500244e-01
2.178653478622436523e-01
1.808326840400695801e-01
1.856958866119384766e-01
1.974122226238250732e-01
1.778819411993026733e-01
2.061943560838699341e-01
2.221597731113433838e-01
1.807061284780502319e-01
1.935869455337524414e-01
2.086146920919418335e-01
2.177458256483078003e-01
2.081340849399566650e-01
2.130113095045089722e-01
1.737242043018341064e-01
1.641029417514801025e-01
2.035641670227050781e-01
2.419513911008834839e-01
1.703615039587020874e-01
1.596766263246536255e-01
1.886431574821472168e-01
2.100380510091781616e-01
2.254820168018341064e-01
2.082335501909255981e-01
2.782472074031829834e-01
1.862702667713165283e-01
1.812509745359420776e-01
1.714216321706771851e-01
2.135648578405380249e-01
1.871637552976608276e-01
1.958350390195846558e-01
2.367842197418212891e-01
1.410563439130783081e-01
2.009201496839523315e-01
2.468257993459701538e-01
2.210034877061843872e-01
1.767890900373458862e-01
1.904660314321517944e-01
1.830712407827377319e-01
1.826115101575851440e-01
1.762025803327560425e-01
1.789963692426681519e-01
1.987741440534591675e-01
2.310123443603515625e-01
2.116092741489410400e-01
2.122661173343658447e-01
2.054003775119781494e-01
1.788468807935714722e-01
1.879241466522216797e-01
1.845660805702209473e-01
2.063560485839843750e-01
1.884195506572723389e-01
1.784652918577194214e-01
2.385338395833969116e-01
2.063574492931365967e-01
1.905672848224639893e-01
1.759128421545028687e-01
1.654702425003051758e-01
1.880517452955245972e-01
2.496073693037033081e-01
1.493332833051681519e-01
2.019634693861007690e-01
2.154525369405746460e-01
1.774011701345443726e-01
1.780167222023010254e-01
2.359308749437332153e-01
1.954347938299179077e-01
1.657793968915939331e-01
2.589306235313415527e-01
1.482947617769241333e-01
1.944431960582733154e-01
2.025150358676910400e-01
1.918484270572662354e-01
1.712604016065597534e-01
1.654476672410964966e-01
2.149371951818466187e-01
1.988378018140792847e-01
1.539890617132186890e-01
2.252217531204223633e-01
1.584897041320800781e-01
1.506458073854446411e-01
1.766847819089889526e-01
2.342489808797836304e-01
2.198771536350250244e-01
1.960358023643493652e-01
2.345773428678512573e-01
1.833121031522750854e-01
1.677726954221725464e-01
1.881419569253921509e-01
2.357683479785919189e-01
2.055860012769699097e-01
1.856987476348876953e-01
1.677166074514389038e-01
1.665148586034774780e-01
2.302542179822921753e-01
1.848430484533309937e-01
1.598633825778961182e-01
2.077961415052413940e-01
1.605986207723617554e-01
2.226331532001495361e-01
1.657436639070510864e-01
2.138454467058181763e-01
2.451794147491455078e-01
2.224740535020828247e-01
2.618612945079803467e-01
2.749868333339691162e-01
2.296635955572128296e-01
1.743279993534088135e-01
1.938373148441314697e-01
1.673151105642318726e-01
1.959978640079498291e-01
1.878437846899032593e-01
1.820388287305831909e-01
2.043661624193191528e-01
2.184062004089355469e-01
1.910197883844375610e-01
1.842143535614013672e-01
2.113319188356399536e-01
1.939079314470291138e-01
1.550645381212234497e-01
1.538281887769699097e-01
1.968455612659454346e-01
2.017629891633987427e-01
1.905127018690109253e-01
1.960479468107223511e-01
1.524913311004638672e-01
1.595315784215927124e-01
1.559194624423980713e-01
2.093593180179595947e-01
1.827175468206405640e-01
1.559733599424362183e-01
2.256605178117752075e-01
2.055749893188476562e-01
3.105870783329010010e-01
1.958380341529846191e-01
2.239750474691390991e-01
1.719752848148345947e-01
1.882729828357696533e-01
1.717982739210128784e-01
1.943951100111007690e-01
2.065064162015914917e-01
1.889102011919021606e-01
2.418502122163772583e-01
2.342208921909332275e-01
1.953178048133850098e-01
2.274894267320632935e-01
1.923606395721435547e-01
1.982195526361465454e-01
2.182705700397491455e-01
1.633527874946594238e-01
1.877853721380233765e-01
1.648846566677093506e-01
1.901524364948272705e-01
1.741062253713607788e-01
1.914819031953811646e-01
1.734115928411483765e-01
1.603113859891891479e-01
1.789388954639434814e-01
2.150887995958328247e-01
1.578203886747360229e-01
1.790205687284469604e-01
2.286850214004516602e-01
1.739641875028610229e-01
1.717758476734161377e-01
1.736859083175659180e-01
2.057263404130935669e-01
2.167630940675735474e-01
2.409199327230453491e-01
1.934587061405181885e-01
1.758242398500442505e-01
2.056737244129180908e-01
1.828506439924240112e-01
1.849454939365386963e-01
2.452770322561264038e-01
1.741224378347396851e-01
1.558472812175750732e-01
2.096432894468307495e-01
1.561551094055175781e-01
2.047626972198486328e-01
1.906108111143112183e-01
1.580896973609924316e-01
1.907190084457397461e-01
1.555520743131637573e-01
2.193834781646728516e-01
2.068161964416503906e-01
1.914937794208526611e-01
2.136231958866119385e-01
1.547312140464782715e-01
2.204042673110961914e-01
2.252846211194992065e-01
1.558287292718887329e-01
1.998497396707534790e-01
1.663023680448532104e-01
2.149668186902999878e-01
1.631700396537780762e-01
2.442566901445388794e-01
2.558502256870269775e-01
1.589188426733016968e-01
1.644976288080215454e-01
1.972709596157073975e-01
1.559105813503265381e-01
2.155315130949020386e-01
1.749774664640426636e-01
1.534966230392456055e-01
1.939551383256912231e-01
1.732478290796279907e-01
1.834889501333236694e-01
1.721818298101425171e-01
2.180029898881912231e-01
1.897125989198684692e-01
1.554476022720336914e-01
1.791345924139022827e-01
1.936826258897781372e-01
2.202138900756835938e-01
1.654880344867706299e-01
