7.527772784233093262e-01
7.490816116333007812e-01
7.026404738426208496e-01
7.059817314147949219e-01
6.942541003227233887e-01
6.797959208488464355e-01
6.660208702087402344e-01
6.671671271324157715e-01
6.553257703781127930e-01
6.429554820060729980e-01
6.331683993339538574e-01
6.482214927673339844e-01
6.258828043937683105e-01
6.346563696861267090e-01
6.221369504928588867e-01
6.277459263801574707e-01
6.157588958740234375e-01
6.329075694084167480e-01
5.968657732009887695e-01
6.263746619224548340e-01
6.105713248252868652e-01
6.152267456054687500e-01
5.804879665374755859e-01
5.883867144584655762e-01
5.602195262908935547e-01
5.550172924995422363e-01
5.955967307090759277e-01
5.716398358345031738e-01
5.514761209487915039e-01
5.568097233772277832e-01
5.592612624168395996e-01
5.583821535110473633e-01
5.635406374931335449e-01
5.507855415344238281e-01
5.601183772087097168e-01
5.609573721885681152e-01
5.343188047409057617e-01
5.388330817222595215e-01
5.291919708251953125e-01
5.217230916023254395e-01
5.611357092857360840e-01
5.468071103096008301e-01
5.384046435356140137e-01
5.634329915046691895e-01
5.366396307945251465e-01
5.313950181007385254e-01
5.343163609504699707e-01
5.243870615959167480e-01
5.342236161231994629e-01
5.191609263420104980e-01
5.257161259651184082e-01
5.477518439292907715e-01
5.169745683670043945e-01
5.114697813987731934e-01
5.193988084793090820e-01
5.457903742790222168e-01
5.188097953796386719e-01
4.939456582069396973e-01
5.108072161674499512e-01
5.084849596023559570e-01
4.975758492946624756e-01
5.108085870742797852e-01
5.195749402046203613e-01
4.970972239971160889e-01
4.988118112087249756e-01
5.137513875961303711e-01
5.010656714439392090e-01
5.141314864158630371e-01
4.935471713542938232e-01
4.908418357372283936e-01
5.122148394584655762e-01
5.172567963600158691e-01
4.866997897624969482e-01
5.148728489875793457e-01
5.177518725395202637e-01
5.085325241088867188e-01
5.023250579833984375e-01
5.025795102119445801e-01
5.385875105857849121e-01
4.841474890708923340e-01
5.016242861747741699e-01
4.962750971317291260e-01
4.783283174037933350e-01
4.957972466945648193e-01
4.796584248542785645e-01
4.934425055980682373e-01
4.940705299377441406e-01
5.138751864433288574e-01
4.848482310771942139e-01
5.056192278861999512e-01
5.024616718292236328e-01
4.850697517395019531e-01
5.051459074020385742e-01
4.907226562500000000e-01
4.960004985332489014e-01
4.671180844306945801e-01
5.124269723892211914e-01
4.816538989543914795e-01
4.900061786174774170e-01
4.786466658115386963e-01
4.819520115852355957e-01
5.147711038589477539e-01
4.946356415748596191e-01
4.791007041931152344e-01
5.053450465202331543e-01
4.816523492336273193e-01
4.798807203769683838e-01
4.756684303283691406e-01
4.723574817180633545e-01
5.111740231513977051e-01
4.696339666843414307e-01
4.679603278636932373e-01
4.768670499324798584e-01
4.748006761074066162e-01
4.614639282226562500e-01
4.937363564968109131e-01
4.699040353298187256e-01
4.877693355083465576e-01
4.764137268066406250e-01
4.843948483467102051e-01
4.771253764629364014e-01
4.886077940464019775e-01
4.609414637088775635e-01
4.663744568824768066e-01
4.884943664073944092e-01
4.715475142002105713e-01
4.765525758266448975e-01
4.785037934780120850e-01
4.767960011959075928e-01
4.512142241001129150e-01
5.007163286209106445e-01
4.777010083198547363e-01
4.757102131843566895e-01
4.615047574043273926e-01
4.863371551036834717e-01
4.763513207435607910e-01
4.560672938823699951e-01
4.849396646022796631e-01
4.685009121894836426e-01
4.882695674896240234e-01
4.854560494422912598e-01
4.711202681064605713e-01
4.725482165813446045e-01
4.709889590740203857e-01
4.626832902431488037e-01
4.773906171321868896e-01
4.876368641853332520e-01
4.699637889862060547e-01
4.603930115699768066e-01
4.657553732395172119e-01
4.593940675258636475e-01
4.552200436592102051e-01
4.640979766845703125e-01
4.750785529613494873e-01
4.607286453247070312e-01
4.632185995578765869e-01
4.572355747222900391e-01
4.994153082370758057e-01
4.506528377532958984e-01
4.877811074256896973e-01
4.589517116546630859e-01
4.617509841918945312e-01
4.531321227550506592e-01
4.890553951263427734e-01
4.622766077518463135e-01
4.566349983215332031e-01
5.021715164184570312e-01
4.698302447795867920e-01
4.576836526393890381e-01
4.599206149578094482e-01
4.573840796947479248e-01
4.594874083995819092e-01
4.731200337409973145e-01
4.500699043273925781e-01
4.930202960968017578e-01
4.905489385128021240e-01
4.710888862609863281e-01
4.527547061443328857e-01
4.526923298835754395e-01
4.825817644596099854e-01
4.531373083591461182e-01
4.399222433567047119e-01
4.494532048702239990e-01
4.649783074855804443e-01
4.495742022991180420e-01
4.565397799015045166e-01
4.471524655818939209e-01
4.671013355255126953e-01
4.416433274745941162e-01
4.644443988800048828e-01
4.444364607334136963e-01
4.526853561401367188e-01
4.399148523807525635e-01
4.927456378936767578e-01
4.662149846553802490e-01
4.869249463081359863e-01
4.530851542949676514e-01
4.722448885440826416e-01
4.587884843349456787e-01
4.534389078617095947e-01
4.577893316745758057e-01
4.500377774238586426e-01
4.465936720371246338e-01
4.463266432285308838e-01
4.980119764804840088e-01
4.456834793090820312e-01
4.302520751953125000e-01
4.729283452033996582e-01
4.391093850135803223e-01
4.373970627784729004e-01
4.418030679225921631e-01
4.408588111400604248e-01
4.564895629882812500e-01
4.706960618495941162e-01
4.533769190311431885e-01
4.441679120063781738e-01
4.795805513858795166e-01
5.336926579475402832e-01
4.359401762485504150e-01
4.614357948303222656e-01
4.604616165161132812e-01
4.513165652751922607e-01
4.572684466838836670e-01
4.634266793727874756e-01
4.371056556701660156e-01
4.614231288433074951e-01
4.502780139446258545e-01
4.556501805782318115e-01
4.524705111980438232e-01
4.235913455486297607e-01
4.499557912349700928e-01
4.331549108028411865e-01
4.735507071018218994e-01
4.675958752632141113e-01
4.494297206401824951e-01
4.701656401157379150e-01
4.392383694648742676e-01
4.643567204475402832e-01
4.555085599422454834e-01
4.655410051345825195e-01
4.356723725795745850e-01
4.368973374366760254e-01
4.481363892555236816e-01
4.697987139225006104e-01
4.564789235591888428e-01
4.383651316165924072e-01
4.373062551021575928e-01
4.370571076869964600e-01
4.644465446472167969e-01
4.435219764709472656e-01
4.436465799808502197e-01
4.524384438991546631e-01
4.187732636928558350e-01
4.386482834815979004e-01
4.689227640628814697e-01
4.422633349895477295e-01
4.559605717658996582e-01
4.552642405033111572e-01
4.506631493568420410e-01
4.457805752754211426e-01
4.615182876586914062e-01
4.403123855590820312e-01
4.583490490913391113e-01
4.559651315212249756e-01
4.324526786804199219e-01
4.462578892707824707e-01
4.344559609889984131e-01
4.248133599758148193e-01
4.591002464294433594e-01
4.336895644664764404e-01
4.462128579616546631e-01
4.458730816841125488e-01
4.227173924446105957e-01
4.310418069362640381e-01
4.666428565979003906e-01
4.618951380252838135e-01
4.416863024234771729e-01
4.288209080696105957e-01
4.447741508483886719e-01
4.436228871345520020e-01
4.384813308715820312e-01
4.349431693553924561e-01
4.229179322719573975e-01
4.656773209571838379e-01
4.564340114593505859e-01
4.389248788356781006e-01
4.178458154201507568e-01
4.513105452060699463e-01
4.320491850376129150e-01
4.410102069377899170e-01
4.320064485073089600e-01
4.337850511074066162e-01
4.246049821376800537e-01
4.472583830356597900e-01
4.366824626922607422e-01
4.531698226928710938e-01
4.695812165737152100e-01
4.301724135875701904e-01
4.457274079322814941e-01
4.369921386241912842e-01
5.013832449913024902e-01
4.846881031990051270e-01
4.867509305477142334e-01
4.433988630771636963e-01
4.683585166931152344e-01
4.270239770412445068e-01
4.301362037658691406e-01
4.334235787391662598e-01
4.358930587768554688e-01
4.335354268550872803e-01
4.374664425849914551e-01
4.237404763698577881e-01
4.513501226902008057e-01
4.230251908302307129e-01
4.444491565227508545e-01
4.341096580028533936e-01
4.461980760097503662e-01
4.371345937252044678e-01
4.273242652416229248e-01
4.229988157749176025e-01
4.344339370727539062e-01
4.403927028179168701e-01
4.398294389247894287e-01
4.226646423339843750e-01
4.633206427097320557e-01
4.500067830085754395e-01
4.367319047451019287e-01
4.253481924533843994e-01
4.427890479564666748e-01
4.544919431209564209e-01
4.327034056186676025e-01
4.212656021118164062e-01
4.235018193721771240e-01
4.325827658176422119e-01
4.223371446132659912e-01
4.094258844852447510e-01
4.308216273784637451e-01
4.557406008243560791e-01
4.241869151592254639e-01
4.334790408611297607e-01
4.679012000560760498e-01
4.312449395656585693e-01
4.395819604396820068e-01
4.344735741615295410e-01
4.305810034275054932e-01
4.259193837642669678e-01
4.373264014720916748e-01
4.535563588142395020e-01
4.280924499034881592e-01
4.161052405834197998e-01
4.252347052097320557e-01
4.392023980617523193e-01
4.209008216857910156e-01
4.351318478584289551e-01
4.439426362514495850e-01
4.573358595371246338e-01
4.106971323490142822e-01
4.137312471866607666e-01
4.591720700263977051e-01
4.608288407325744629e-01
4.446878433227539062e-01
4.421629607677459717e-01
4.216967225074768066e-01
4.361799359321594238e-01
4.137831628322601318e-01
4.357806146144866943e-01
4.395221173763275146e-01
4.390372931957244873e-01
4.190394580364227295e-01
4.310797750949859619e-01
4.223923683166503906e-01
4.271249771118164062e-01
4.441671967506408691e-01
4.162995517253875732e-01
4.304768741130828857e-01
4.181752204895019531e-01
4.467895030975341797e-01
4.309087693691253662e-01
4.460015296936035156e-01
4.511437416076660156e-01
4.325016438961029053e-01
4.403595924377441406e-01
4.420079886913299561e-01
4.280518591403961182e-01
4.425647258758544922e-01
4.838216006755828857e-01
4.331722855567932129e-01
4.179947078227996826e-01
4.303675591945648193e-01
4.210599958896636963e-01
4.064915180206298828e-01
4.142561852931976318e-01
4.500851631164550781e-01
4.058805406093597412e-01
4.228487908840179443e-01
4.362582266330718994e-01
4.144101142883300781e-01
4.445177018642425537e-01
4.603638648986816406e-01
4.157040119171142578e-01
4.164751470088958740e-01
4.684397876262664795e-01
4.277091026306152344e-01
4.414050281047821045e-01
4.155822694301605225e-01
4.382577538490295410e-01
4.655438959598541260e-01
4.107893109321594238e-01
4.083844125270843506e-01
4.212574958801269531e-01
4.399464726448059082e-01
4.192950427532196045e-01
4.363941252231597900e-01
4.449597001075744629e-01
4.156082272529602051e-01
4.412856996059417725e-01
4.220926463603973389e-01
4.208489954471588135e-01
4.167509973049163818e-01
4.312876760959625244e-01
4.138205945491790771e-01
4.044868052005767822e-01
4.605932235717773438e-01
4.137892723083496094e-01
4.427917897701263428e-01
4.289551675319671631e-01
4.042966961860656738e-01
4.553830325603485107e-01
4.275632798671722412e-01
4.354777038097381592e-01
4.298749864101409912e-01
4.213049113750457764e-01
4.280806481838226318e-01
4.142416417598724365e-01
4.165849685668945312e-01
4.161552488803863525e-01
4.668486714363098145e-01
4.164676666259765625e-01
4.328733086585998535e-01
4.235025346279144287e-01
4.108308255672454834e-01
4.372428953647613525e-01
4.734659194946289062e-01
4.200906753540039062e-01
4.092050492763519287e-01
4.423965513706207275e-01
4.141369462013244629e-01
4.252139031887054443e-01
4.292382895946502686e-01
4.263669550418853760e-01
4.160839021205902100e-01
4.603547155857086182e-01
4.293973147869110107e-01
4.433570504188537598e-01
4.110082685947418213e-01
4.114918708801269531e-01
4.191711544990539551e-01
4.137557148933410645e-01
4.141032397747039795e-01
4.135846793651580811e-01
4.272645115852355957e-01
4.252740442752838135e-01
4.071786999702453613e-01
4.619901776313781738e-01
4.394910931587219238e-01
4.092100262641906738e-01
4.190378785133361816e-01
4.230634868144989014e-01
4.069423377513885498e-01
4.212175011634826660e-01
4.496747553348541260e-01
4.464020431041717529e-01
4.287386834621429443e-01
4.092883169651031494e-01
4.120538830757141113e-01
4.139258563518524170e-01
4.280664026737213135e-01
4.125389158725738525e-01
4.364160597324371338e-01
4.249125123023986816e-01
3.988492190837860107e-01
4.314744174480438232e-01
4.249567091464996338e-01
4.144906103610992432e-01
4.636285901069641113e-01
4.202393591403961182e-01
4.353497624397277832e-01
4.066359698772430420e-01
4.170498847961425781e-01
4.290126860141754150e-01
4.051235318183898926e-01
4.121538102626800537e-01
4.289707243442535400e-01
4.460680186748504639e-01
4.165725708007812500e-01
4.663179516792297363e-01
4.662162959575653076e-01
4.324110448360443115e-01
4.090499877929687500e-01
4.056739807128906250e-01
4.799521565437316895e-01
4.041843116283416748e-01
4.209036827087402344e-01
4.300844371318817139e-01
4.175754487514495850e-01
4.219344258308410645e-01
4.004987180233001709e-01
4.280926883220672607e-01
4.304969012737274170e-01
4.353544712066650391e-01
4.435754716396331787e-01
4.171091020107269287e-01
4.277338683605194092e-01
4.053320884704589844e-01
4.120507240295410156e-01
4.024018347263336182e-01
4.086568951606750488e-01
4.183034896850585938e-01
4.295812547206878662e-01
4.567416608333587646e-01
4.123917520046234131e-01
3.978338539600372314e-01
3.933204114437103271e-01
3.944005966186523438e-01
4.162712693214416504e-01
3.988223969936370850e-01
4.084574878215789795e-01
4.073544144630432129e-01
4.168031811714172363e-01
4.752289950847625732e-01
4.204130172729492188e-01
4.333661198616027832e-01
3.983928263187408447e-01
4.059022963047027588e-01
4.139510095119476318e-01
4.403630197048187256e-01
4.281738698482513428e-01
4.219734370708465576e-01
4.153973162174224854e-01
5.050843358039855957e-01
4.027348458766937256e-01
4.196042716503143311e-01
4.070648849010467529e-01
4.275673031806945801e-01
4.370168745517730713e-01
3.927130699157714844e-01
4.261289238929748535e-01
4.403767585754394531e-01
4.874232709407806396e-01
4.117527902126312256e-01
4.120232164859771729e-01
4.102964401245117188e-01
4.120628535747528076e-01
4.125725924968719482e-01
4.216202199459075928e-01
4.144619107246398926e-01
4.081504046916961670e-01
4.315168559551239014e-01
4.286154806613922119e-01
4.187250137329101562e-01
4.227660298347473145e-01
4.243244230747222900e-01
4.219904839992523193e-01
4.133206903934478760e-01
4.106281399726867676e-01
4.256146550178527832e-01
4.113810658454895020e-01
4.343306720256805420e-01
4.325170218944549561e-01
4.318587481975555420e-01
4.163127839565277100e-01
4.214389920234680176e-01
4.027092158794403076e-01
3.971279263496398926e-01
4.262638092041015625e-01
4.330104887485504150e-01
4.075358510017395020e-01
4.132156372070312500e-01
4.307126998901367188e-01
3.971677720546722412e-01
4.264318943023681641e-01
4.078190028667449951e-01
4.015668928623199463e-01
4.429173469543457031e-01
4.107844531536102295e-01
3.985702693462371826e-01
3.939121663570404053e-01
4.105492532253265381e-01
4.294995963573455811e-01
4.237245023250579834e-01
4.121651649475097656e-01
4.628514349460601807e-01
4.240981042385101318e-01
4.235586225986480713e-01
4.173901081085205078e-01
4.593123495578765869e-01
4.305232167243957520e-01
4.073333442211151123e-01
3.977332115173339844e-01
4.033889770507812500e-01
4.099435806274414062e-01
4.052045941352844238e-01
4.252725541591644287e-01
4.264774024486541748e-01
4.173525869846343994e-01
4.041387736797332764e-01
4.093893468379974365e-01
4.612870216369628906e-01
4.210203289985656738e-01
4.417477250099182129e-01
3.967661857604980469e-01
4.158346354961395264e-01
4.152243733406066895e-01
4.142487943172454834e-01
4.567429721355438232e-01
4.285787045955657959e-01
4.135041832923889160e-01
4.384336173534393311e-01
3.930215835571289062e-01
4.084157943725585938e-01
4.191109836101531982e-01
3.953005075454711914e-01
4.000666737556457520e-01
4.089198708534240723e-01
4.059534072875976562e-01
3.969166278839111328e-01
3.954555690288543701e-01
4.210092723369598389e-01
4.032532274723052979e-01
4.116395413875579834e-01
4.183543324470520020e-01
4.124803543090820312e-01
4.333575367927551270e-01
4.330387115478515625e-01
4.122622609138488770e-01
4.571226239204406738e-01
4.178774952888488770e-01
4.034391045570373535e-01
4.077138602733612061e-01
4.159706234931945801e-01
4.000748693943023682e-01
3.996952176094055176e-01
4.075501561164855957e-01
4.240377843379974365e-01
4.074603617191314697e-01
3.914794623851776123e-01
4.291122555732727051e-01
4.078893363475799561e-01
4.233055114746093750e-01
4.337280392646789551e-01
3.944925367832183838e-01
3.893667757511138916e-01
4.177942276000976562e-01
3.999876379966735840e-01
4.126686155796051025e-01
4.016623198986053467e-01
3.971251845359802246e-01
3.888440728187561035e-01
4.345685541629791260e-01
4.038210809230804443e-01
4.115532040596008301e-01
4.185701310634613037e-01
4.007376134395599365e-01
4.092917144298553467e-01
4.048623144626617432e-01
4.182730615139007568e-01
3.980404734611511230e-01
4.239156246185302734e-01
3.955528438091278076e-01
4.026485383510589600e-01
4.175673127174377441e-01
3.903445005416870117e-01
4.081959426403045654e-01
4.176175296306610107e-01
4.069657325744628906e-01
4.007918834686279297e-01
4.219329953193664551e-01
3.999957144260406494e-01
4.061043858528137207e-01
4.262471795082092285e-01
4.341335296630859375e-01
4.105909466743469238e-01
4.284856915473937988e-01
4.014630019664764404e-01
4.111907184123992920e-01
3.909033536911010742e-01
3.958850800991058350e-01
4.334333539009094238e-01
4.288486540317535400e-01
4.078907072544097900e-01
4.140411019325256348e-01
3.991993069648742676e-01
4.226973950862884521e-01
4.074485898017883301e-01
4.299620091915130615e-01
3.820368945598602295e-01
4.263650476932525635e-01
4.317970871925354004e-01
4.034477174282073975e-01
4.319549500942230225e-01
4.163552224636077881e-01
4.443738162517547607e-01
4.505777359008789062e-01
4.003954529762268066e-01
4.137477576732635498e-01
4.857440590858459473e-01
3.967612087726593018e-01
4.280489981174468994e-01
4.002034664154052734e-01
4.020880758762359619e-01
4.171914756298065186e-01
3.970198035240173340e-01
4.130392968654632568e-01
4.087850749492645264e-01
4.018170535564422607e-01
4.130685031414031982e-01
4.129310548305511475e-01
4.028722941875457764e-01
4.185483455657958984e-01
4.194047749042510986e-01
4.106675088405609131e-01
4.141449630260467529e-01
4.424200057983398438e-01
4.135138690471649170e-01
3.922805190086364746e-01
4.137624204158782959e-01
4.142368733882904053e-01
3.978220522403717041e-01
4.017508625984191895e-01
4.001036584377288818e-01
4.068578779697418213e-01
4.045130908489227295e-01
4.039079844951629639e-01
4.308883845806121826e-01
4.194639325141906738e-01
4.388078749179840088e-01
3.988684415817260742e-01
3.976099193096160889e-01
4.313013553619384766e-01
4.016930162906646729e-01
4.412619173526763916e-01
3.953162133693695068e-01
4.138148427009582520e-01
3.920108377933502197e-01
4.020189940929412842e-01
3.990142345428466797e-01
4.063919484615325928e-01
3.891703784465789795e-01
4.079990983009338379e-01
4.016664624214172363e-01
4.060332477092742920e-01
4.110196232795715332e-01
4.015172123908996582e-01
3.989952206611633301e-01
4.217227399349212646e-01
3.990286886692047119e-01
3.854472637176513672e-01
4.324536323547363281e-01
3.966339230537414551e-01
4.024341702461242676e-01
4.276872575283050537e-01
4.304049611091613770e-01
4.443498551845550537e-01
4.155334532260894775e-01
4.201360642910003662e-01
4.204272329807281494e-01
3.955292701721191406e-01
4.112757742404937744e-01
3.975454866886138916e-01
4.139281213283538818e-01
4.214748442173004150e-01
3.918559551239013672e-01
4.490068554878234863e-01
3.901194930076599121e-01
4.233858287334442139e-01
3.926921784877777100e-01
4.377155303955078125e-01
3.859295845031738281e-01
4.030056893825531006e-01
3.937270641326904297e-01
4.035379588603973389e-01
3.851332366466522217e-01
4.157979488372802734e-01
3.911148905754089355e-01
4.183158874511718750e-01
4.161560237407684326e-01
4.115973114967346191e-01
4.731063842773437500e-01
4.042118191719055176e-01
4.202988147735595703e-01
4.033348262310028076e-01
4.182972013950347900e-01
4.106863141059875488e-01
3.990612924098968506e-01
3.961765766143798828e-01
4.027666151523590088e-01
3.945369124412536621e-01
4.119526445865631104e-01
3.918552100658416748e-01
3.888712823390960693e-01
4.069716632366180420e-01
4.030130505561828613e-01
3.997565209865570068e-01
4.008138775825500488e-01
4.381113052368164062e-01
3.918025493621826172e-01
4.101173579692840576e-01
3.924665153026580811e-01
4.305008947849273682e-01
3.975119888782501221e-01
4.053143560886383057e-01
4.212911128997802734e-01
3.986867666244506836e-01
4.015479087829589844e-01
4.070382118225097656e-01
3.947241902351379395e-01
4.132196605205535889e-01
4.049137532711029053e-01
4.129352569580078125e-01
4.144422709941864014e-01
4.122392833232879639e-01
4.070246219635009766e-01
4.352465569972991943e-01
4.283743500709533691e-01
4.019074141979217529e-01
4.045042991638183594e-01
4.353800714015960693e-01
4.254754185676574707e-01
3.981579244136810303e-01
4.098932445049285889e-01
4.007083475589752197e-01
4.011635780334472656e-01
4.266619384288787842e-01
3.907053172588348389e-01
3.918054401874542236e-01
3.955499827861785889e-01
4.081296920776367188e-01
4.018512368202209473e-01
3.956662714481353760e-01
4.093431532382965088e-01
4.008203446865081787e-01
4.282824695110321045e-01
3.955624103546142578e-01
4.133210182189941406e-01
4.305230677127838135e-01
3.967974483966827393e-01
4.363090097904205322e-01
4.016974866390228271e-01
3.867447078227996826e-01
4.156973958015441895e-01
3.916747272014617920e-01
4.033450186252593994e-01
3.954556286334991455e-01
4.155908524990081787e-01
3.881385922431945801e-01
4.258290231227874756e-01
3.984371423721313477e-01
3.887601792812347412e-01
4.101650416851043701e-01
3.881469070911407471e-01
4.054828584194183350e-01
4.555163383483886719e-01
3.920284211635589600e-01
3.973777890205383301e-01
4.251441955566406250e-01
3.894555866718292236e-01
3.937214314937591553e-01
3.974521458148956299e-01
4.087823033332824707e-01
3.922124803066253662e-01
4.182613492012023926e-01
3.846406638622283936e-01
3.853445947170257568e-01
4.037519991397857666e-01
4.355905055999755859e-01
3.921286165714263916e-01
4.054123461246490479e-01
3.942379057407379150e-01
3.887716233730316162e-01
3.771627247333526611e-01
4.029439985752105713e-01
3.926880061626434326e-01
4.130662083625793457e-01
3.896070420742034912e-01
4.249654412269592285e-01
3.957307338714599609e-01
3.985565602779388428e-01
4.045515656471252441e-01
4.180987775325775146e-01
3.987407088279724121e-01
4.023150503635406494e-01
3.917364776134490967e-01
4.032594859600067139e-01
4.097226262092590332e-01
3.896961212158203125e-01
3.985136151313781738e-01
3.939933776855468750e-01
3.931847810745239258e-01
3.966401219367980957e-01
3.996734321117401123e-01
3.872948288917541504e-01
3.880702555179595947e-01
4.292271733283996582e-01
4.032873809337615967e-01
4.176343083381652832e-01
4.017614424228668213e-01
3.845690786838531494e-01
4.692173898220062256e-01
4.106785953044891357e-01
3.960085213184356689e-01
4.080844521522521973e-01
4.021871984004974365e-01
4.017727375030517578e-01
4.166059494018554688e-01
4.291148185729980469e-01
3.950415551662445068e-01
3.964162468910217285e-01
4.246769845485687256e-01
3.912343680858612061e-01
4.067403972148895264e-01
3.876926600933074951e-01
4.029905498027801514e-01
4.212153851985931396e-01
4.331488609313964844e-01
4.127152562141418457e-01
3.913466632366180420e-01
3.985990881919860840e-01
4.033566415309906006e-01
3.960592746734619141e-01
3.952752649784088135e-01
4.059077203273773193e-01
3.977698087692260742e-01
3.881710767745971680e-01
3.856995403766632080e-01
4.191636741161346436e-01
3.961166441440582275e-01
4.098408222198486328e-01
4.078448414802551270e-01
4.075036048889160156e-01
3.815824091434478760e-01
3.876307308673858643e-01
3.898692727088928223e-01
4.000854492187500000e-01
3.907862603664398193e-01
4.049926698207855225e-01
4.309150874614715576e-01
4.389390051364898682e-01
4.301045536994934082e-01
4.237550199031829834e-01
3.827950060367584229e-01
3.845759928226470947e-01
4.079444110393524170e-01
4.109262526035308838e-01
4.041944444179534912e-01
4.125474393367767334e-01
4.174171388149261475e-01
3.882658481597900391e-01
3.906010091304779053e-01
3.905917406082153320e-01
4.117981791496276855e-01
3.870233595371246338e-01
4.331308901309967041e-01
4.276809394359588623e-01
3.839034736156463623e-01
3.855441510677337646e-01
3.914396464824676514e-01
4.345171153545379639e-01
3.958511054515838623e-01
3.964836895465850830e-01
4.009578824043273926e-01
3.794604241847991943e-01
4.099509716033935547e-01
3.798592984676361084e-01
3.840752542018890381e-01
3.840945661067962646e-01
4.014219343662261963e-01
4.009618461132049561e-01
3.911387622356414795e-01
3.986201286315917969e-01
3.845929801464080811e-01
4.058235585689544678e-01
3.811280727386474609e-01
3.927641510963439941e-01
3.942302167415618896e-01
4.017870426177978516e-01
4.101170003414154053e-01
4.251814782619476318e-01
3.942933678627014160e-01
3.899936676025390625e-01
3.889870643615722656e-01
3.967056572437286377e-01
4.202152192592620850e-01
3.947169482707977295e-01
4.016437530517578125e-01
4.122393727302551270e-01
3.873087167739868164e-01
4.121421873569488525e-01
3.900240063667297363e-01
4.171628952026367188e-01
4.066205918788909912e-01
3.806508481502532959e-01
4.067144393920898438e-01
3.846285343170166016e-01
4.146230220794677734e-01
4.114503860473632812e-01
4.311519563198089600e-01
3.938757181167602539e-01
3.956609368324279785e-01
4.065951406955718994e-01
4.156041145324707031e-01
3.815652728080749512e-01
4.012076556682586670e-01
3.988841474056243896e-01
4.015920162200927734e-01
3.986347615718841553e-01
3.907557129859924316e-01
3.883632719516754150e-01
3.862857520580291748e-01
4.232416749000549316e-01
4.373698830604553223e-01
4.269746840000152588e-01
3.906764090061187744e-01
3.713240325450897217e-01
4.117457568645477295e-01
3.906941115856170654e-01
3.992941081523895264e-01
4.058886468410491943e-01
3.872390389442443848e-01
4.105675816535949707e-01
3.964147269725799561e-01
4.053114950656890869e-01
4.134671390056610107e-01
4.111576080322265625e-01
3.833191692829132080e-01
3.874560296535491943e-01
3.884741961956024170e-01
4.200575947761535645e-01
3.925023972988128662e-01
4.866259098052978516e-01
3.758653998374938965e-01
4.010598361492156982e-01
3.956784605979919434e-01
3.882634639739990234e-01
3.944813311100006104e-01
4.503305554389953613e-01
4.165849387645721436e-01
4.004288613796234131e-01
3.831768929958343506e-01
4.123798310756683350e-01
4.009167850017547607e-01
3.912543356418609619e-01
4.201960563659667969e-01
3.847122490406036377e-01
3.986881673336029053e-01
3.862085938453674316e-01
4.077674448490142822e-01
3.972737491130828857e-01
3.922185897827148438e-01
3.810249269008636475e-01
4.239799082279205322e-01
4.044937193393707275e-01
4.033161699771881104e-01
4.038124680519104004e-01
3.958953619003295898e-01
4.114854931831359863e-01
4.000821113586425781e-01
3.800656199455261230e-01
3.844231665134429932e-01
3.869042098522186279e-01
4.015721976757049561e-01
4.067195951938629150e-01
3.883267939090728760e-01
4.208540916442871094e-01
4.277273118495941162e-01
3.905147612094879150e-01
4.001537263393402100e-01
4.052076339721679688e-01
4.053879678249359131e-01
3.824277520179748535e-01
3.799425065517425537e-01
4.144789874553680420e-01
4.120717048645019531e-01
3.905982971191406250e-01
4.001623094081878662e-01
3.977945446968078613e-01
3.967983722686767578e-01
3.980859816074371338e-01
4.399855136871337891e-01
4.082390964031219482e-01
3.824807703495025635e-01
3.897299170494079590e-01
3.778454959392547607e-01
3.920928537845611572e-01
3.811400830745697021e-01
3.976069092750549316e-01
4.008255004882812500e-01
4.249380230903625488e-01
4.230336844921112061e-01
3.811478316783905029e-01
3.991145491600036621e-01
3.889806270599365234e-01
4.002290368080139160e-01
4.046411514282226562e-01
4.159537255764007568e-01
3.940447568893432617e-01
3.869801163673400879e-01
3.990446031093597412e-01
3.838676512241363525e-01
3.983636796474456787e-01
3.977178037166595459e-01
4.024837613105773926e-01
4.113544523715972900e-01
4.009468257427215576e-01
3.903043270111083984e-01
3.859712481498718262e-01
3.830899894237518311e-01
3.974008560180664062e-01
4.035420417785644531e-01
3.979986011981964111e-01
3.918886482715606689e-01
3.853822648525238037e-01
3.962576985359191895e-01
3.829732239246368408e-01
3.911882638931274414e-01
3.798517882823944092e-01
4.345020353794097900e-01
3.900793492794036865e-01
4.034174084663391113e-01
3.796399533748626709e-01
3.794272541999816895e-01
3.856217563152313232e-01
3.822604119777679443e-01
3.942753076553344727e-01
4.057154357433319092e-01
3.870709538459777832e-01
4.177815616130828857e-01
3.838706910610198975e-01
4.185532629489898682e-01
3.939426839351654053e-01
3.829303681850433350e-01
3.866713345050811768e-01
3.874542415142059326e-01
4.069162011146545410e-01
4.090027809143066406e-01
3.915333449840545654e-01
3.899839520454406738e-01
3.941749930381774902e-01
3.953209817409515381e-01
4.176538586616516113e-01
3.934109210968017578e-01
4.145259857177734375e-01
3.805175721645355225e-01
3.725886642932891846e-01
4.090017378330230713e-01
3.821772336959838867e-01
4.282029569149017334e-01
3.974289894104003906e-01
4.049252569675445557e-01
3.925979435443878174e-01
4.144680500030517578e-01
4.056730270385742188e-01
3.937559723854064941e-01
4.028594195842742920e-01
3.822255730628967285e-01
3.898695409297943115e-01
4.207327961921691895e-01
4.047667682170867920e-01
4.013504981994628906e-01
4.051144719123840332e-01
4.071190059185028076e-01
4.700135290622711182e-01
3.953902125358581543e-01
3.985760211944580078e-01
3.884564042091369629e-01
3.906388282775878906e-01
3.849840164184570312e-01
3.929191529750823975e-01
3.895833790302276611e-01
4.167127609252929688e-01
4.021308124065399170e-01
3.946988284587860107e-01
3.961575925350189209e-01
3.841745853424072266e-01
3.950974643230438232e-01
3.936003446578979492e-01
3.924852311611175537e-01
4.129767417907714844e-01
3.767883479595184326e-01
4.112748205661773682e-01
3.817722797393798828e-01
4.184263348579406738e-01
4.419311583042144775e-01
3.813759982585906982e-01
3.775422573089599609e-01
3.777567148208618164e-01
3.771326243877410889e-01
3.892101049423217773e-01
3.871311843395233154e-01
3.892072141170501709e-01
3.969951272010803223e-01
3.820350766181945801e-01
3.802232742309570312e-01
3.918608725070953369e-01
3.892591297626495361e-01
4.103289544582366943e-01
3.763192892074584961e-01
3.974109888076782227e-01
3.947314918041229248e-01
4.003419876098632812e-01
4.129449427127838135e-01
4.104784429073333740e-01
4.169680774211883545e-01
3.896783590316772461e-01
3.836976885795593262e-01
3.898206353187561035e-01
4.048511087894439697e-01
3.902250826358795166e-01
4.004674851894378662e-01
3.807974755764007568e-01
3.864822089672088623e-01
4.136769473552703857e-01
3.931209444999694824e-01
3.995546996593475342e-01
3.894166052341461182e-01
3.967263400554656982e-01
3.913868069648742676e-01
4.284186065196990967e-01
4.085064828395843506e-01
4.164794087409973145e-01
3.777675330638885498e-01
3.755539953708648682e-01
4.106223583221435547e-01
3.746942579746246338e-01
3.957304656505584717e-01
4.020295739173889160e-01
3.771856129169464111e-01
4.230310618877410889e-01
4.139113426208496094e-01
3.971810638904571533e-01
4.126800596714019775e-01
3.859338462352752686e-01
4.031563699245452881e-01
3.900641202926635742e-01
4.087639451026916504e-01
3.766913115978240967e-01
3.771029114723205566e-01
4.064817428588867188e-01
3.829881846904754639e-01
3.998543620109558105e-01
3.825332820415496826e-01
4.028161466121673584e-01
3.977732658386230469e-01
4.114553630352020264e-01
3.731594383716583252e-01
4.093594253063201904e-01
4.093877375125885010e-01
3.974629640579223633e-01
3.866489827632904053e-01
3.922579586505889893e-01
3.915013372898101807e-01
3.982857167720794678e-01
3.839814960956573486e-01
4.200904369354248047e-01
3.854432106018066406e-01
3.861865997314453125e-01
3.873222768306732178e-01
4.014279544353485107e-01
3.856331706047058105e-01
3.789546191692352295e-01
4.250528514385223389e-01
3.944868743419647217e-01
3.828788101673126221e-01
3.898740410804748535e-01
4.095993638038635254e-01
3.858287036418914795e-01
3.921878635883331299e-01
3.849825859069824219e-01
4.209905564785003662e-01
3.938638567924499512e-01
3.905819952487945557e-01
4.091579616069793701e-01
3.979674279689788818e-01
3.919224739074707031e-01
4.204965531826019287e-01
4.128290712833404541e-01
3.892320692539215088e-01
3.939128518104553223e-01
4.014782905578613281e-01
4.155832231044769287e-01
3.807149827480316162e-01
3.914180397987365723e-01
3.810786306858062744e-01
4.050124585628509521e-01
3.761818408966064453e-01
3.808172345161437988e-01
3.950524032115936279e-01
3.862980306148529053e-01
4.247602522373199463e-01
3.909403979778289795e-01
3.908178806304931641e-01
4.143605828285217285e-01
3.806505203247070312e-01
4.096643626689910889e-01
3.902648389339447021e-01
4.254996478557586670e-01
3.890084028244018555e-01
4.009449183940887451e-01
3.987847864627838135e-01
3.959638178348541260e-01
4.006993472576141357e-01
3.842756450176239014e-01
3.860644400119781494e-01
3.974552154541015625e-01
4.145560860633850098e-01
3.781657814979553223e-01
3.869740068912506104e-01
3.826210200786590576e-01
3.837585151195526123e-01
4.097591340541839600e-01
3.810262680053710938e-01
3.860714435577392578e-01
3.977161645889282227e-01
3.933309018611907959e-01
3.879473209381103516e-01
3.966382145881652832e-01
3.888095915317535400e-01
3.899400830268859863e-01
3.908285796642303467e-01
3.948132693767547607e-01
3.820944130420684814e-01
3.849055171012878418e-01
4.071033895015716553e-01
3.875117003917694092e-01
3.830694258213043213e-01
3.898540139198303223e-01
3.792172074317932129e-01
3.947587609291076660e-01
4.052494168281555176e-01
3.818091452121734619e-01
4.200082421302795410e-01
3.881206512451171875e-01
3.757964372634887695e-01
3.968203067779541016e-01
3.842973113059997559e-01
3.915334641933441162e-01
3.702302873134613037e-01
3.990856111049652100e-01
3.735785484313964844e-01
3.827352523803710938e-01
3.955980241298675537e-01
3.897130489349365234e-01
3.796425163745880127e-01
3.933905363082885742e-01
3.871133029460906982e-01
3.861198723316192627e-01
3.970925509929656982e-01
4.682438969612121582e-01
3.836114108562469482e-01
3.910326957702636719e-01
4.034806787967681885e-01
4.037540853023529053e-01
3.914755582809448242e-01
3.964714705944061279e-01
4.182448387145996094e-01
4.163253009319305420e-01
3.988108336925506592e-01
3.729064166545867920e-01
3.960891664028167725e-01
3.784628808498382568e-01
3.985292613506317139e-01
3.757525980472564697e-01
3.973399400711059570e-01
3.866128325462341309e-01
3.903154134750366211e-01
3.730591535568237305e-01
3.854120373725891113e-01
3.893677592277526855e-01
3.891228437423706055e-01
3.812713325023651123e-01
4.130550920963287354e-01
4.187042415142059326e-01
3.846043050289154053e-01
3.842338025569915771e-01
3.888953924179077148e-01
3.822863996028900146e-01
3.732328712940216064e-01
3.869109153747558594e-01
3.717745840549468994e-01
3.978371620178222656e-01
3.682209551334381104e-01
4.211712479591369629e-01
3.980908095836639404e-01
4.062777459621429443e-01
4.020942151546478271e-01
4.834139943122863770e-01
4.182651638984680176e-01
3.905236721038818359e-01
3.933000862598419189e-01
3.962031900882720947e-01
3.791157007217407227e-01
3.952526748180389404e-01
4.121105670928955078e-01
4.022659361362457275e-01
3.829772174358367920e-01
3.898285031318664551e-01
3.916609883308410645e-01
3.862769603729248047e-01
3.794640302658081055e-01
3.781326711177825928e-01
3.876087665557861328e-01
3.932871818542480469e-01
3.844777643680572510e-01
3.959287106990814209e-01
3.944478631019592285e-01
3.925734460353851318e-01
3.763642013072967529e-01
3.828180730342864990e-01
3.771972358226776123e-01
3.783384859561920166e-01
4.281513690948486328e-01
3.837700486183166504e-01
3.814349472522735596e-01
3.793831467628479004e-01
3.892223834991455078e-01
3.890922665596008301e-01
4.249040782451629639e-01
4.011563956737518311e-01
3.942278325557708740e-01
3.825348317623138428e-01
3.927267193794250488e-01
3.895017206668853760e-01
4.027758240699768066e-01
3.869725167751312256e-01
3.760607242584228516e-01
4.296979904174804688e-01
4.000187814235687256e-01
3.774183392524719238e-01
4.179246127605438232e-01
3.958041369915008545e-01
3.837556242942810059e-01
3.747954666614532471e-01
3.870055079460144043e-01
4.027098715305328369e-01
4.018929004669189453e-01
3.771233558654785156e-01
3.877305686473846436e-01
3.731858432292938232e-01
3.866197466850280762e-01
3.797812163829803467e-01
4.005297124385833740e-01
3.873975276947021484e-01
3.935159146785736084e-01
3.873051702976226807e-01
3.824237287044525146e-01
3.747358918190002441e-01
4.046141803264617920e-01
3.847902417182922363e-01
3.751197457313537598e-01
3.884638845920562744e-01
3.725039660930633545e-01
3.933503925800323486e-01
3.974424898624420166e-01
3.993909060955047607e-01
3.759299218654632568e-01
4.011677801609039307e-01
3.998983502388000488e-01
3.821668624877929688e-01
3.851980566978454590e-01
4.044798016548156738e-01
3.816857933998107910e-01
3.686661720275878906e-01
3.783683478832244873e-01
3.719505369663238525e-01
4.133261740207672119e-01
4.100466370582580566e-01
3.920223712921142578e-01
3.744128048419952393e-01
3.670415580272674561e-01
3.805656135082244873e-01
3.811398446559906006e-01
3.663364350795745850e-01
4.038568437099456787e-01
4.158714413642883301e-01
4.109243452548980713e-01
4.052027761936187744e-01
3.859127163887023926e-01
3.967330753803253174e-01
3.725464642047882080e-01
4.071937501430511475e-01
4.234339296817779541e-01
3.996093273162841797e-01
3.986880779266357422e-01
3.953586518764495850e-01
4.210968017578125000e-01
3.932258188724517822e-01
4.204626977443695068e-01
3.904548585414886475e-01
3.884392678737640381e-01
3.936981856822967529e-01
3.874644339084625244e-01
3.882480561733245850e-01
4.178834557533264160e-01
3.750911653041839600e-01
3.743133544921875000e-01
4.244991838932037354e-01
3.891126513481140137e-01
4.054331481456756592e-01
4.068051278591156006e-01
3.814830183982849121e-01
4.079708755016326904e-01
3.834075927734375000e-01
4.215224683284759521e-01
4.059147536754608154e-01
3.832171559333801270e-01
3.894475102424621582e-01
4.050530493259429932e-01
4.239508807659149170e-01
3.861883580684661865e-01
3.893079459667205811e-01
3.764066398143768311e-01
3.782018721103668213e-01
4.080879390239715576e-01
4.335860311985015869e-01
4.006957709789276123e-01
3.872586488723754883e-01
3.742501437664031982e-01
3.884746730327606201e-01
3.934772014617919922e-01
3.765940666198730469e-01
3.837583065032958984e-01
3.789612352848052979e-01
4.188699424266815186e-01
3.955015540122985840e-01
4.066201746463775635e-01
3.805396258831024170e-01
3.735923767089843750e-01
3.967294394969940186e-01
3.916812837123870850e-01
3.840339481830596924e-01
3.794493377208709717e-01
3.826564848423004150e-01
3.884455561637878418e-01
3.850418031215667725e-01
3.796553909778594971e-01
3.790262341499328613e-01
3.765858709812164307e-01
3.881581425666809082e-01
3.874324262142181396e-01
3.931379318237304688e-01
3.752378225326538086e-01
3.969891965389251709e-01
3.976766467094421387e-01
3.916748166084289551e-01
3.715884685516357422e-01
3.704947829246520996e-01
4.014811217784881592e-01
3.738960325717926025e-01
3.856339156627655029e-01
3.969939649105072021e-01
3.821060657501220703e-01
4.043113291263580322e-01
4.068127572536468506e-01
3.845631778240203857e-01
4.069402813911437988e-01
3.893428444862365723e-01
4.134128689765930176e-01
3.776237368583679199e-01
3.889547586441040039e-01
3.802140653133392334e-01
4.185929298400878906e-01
4.040601849555969238e-01
4.079967439174652100e-01
4.047432839870452881e-01
4.032959043979644775e-01
4.024967253208160400e-01
3.972237110137939453e-01
3.882045745849609375e-01
3.972979485988616943e-01
3.883346617221832275e-01
3.746188282966613770e-01
3.724428713321685791e-01
4.001501202583312988e-01
3.811355531215667725e-01
3.790320754051208496e-01
3.991316258907318115e-01
4.302842319011688232e-01
3.881514966487884521e-01
3.986334800720214844e-01
3.811180293560028076e-01
3.833812475204467773e-01
3.841502964496612549e-01
3.812360167503356934e-01
3.938403725624084473e-01
3.977490067481994629e-01
3.825386166572570801e-01
3.916871249675750732e-01
3.803277313709259033e-01
3.952147960662841797e-01
3.885489404201507568e-01
3.969728648662567139e-01
