6.666595339775085449e-01
5.976869463920593262e-01
5.702375769615173340e-01
5.867640376091003418e-01
5.756523609161376953e-01
6.108490824699401855e-01
5.565005540847778320e-01
5.453883409500122070e-01
5.422908663749694824e-01
5.076894760131835938e-01
5.009331107139587402e-01
5.054170489311218262e-01
5.096366405487060547e-01
4.915021955966949463e-01
5.528755187988281250e-01
5.167633295059204102e-01
4.873961508274078369e-01
4.851274490356445312e-01
4.687222540378570557e-01
5.256847739219665527e-01
5.018513798713684082e-01
4.640727639198303223e-01
4.631132185459136963e-01
4.662834703922271729e-01
4.701586663722991943e-01
4.617671668529510498e-01
4.692252576351165771e-01
4.552542269229888916e-01
4.546730220317840576e-01
4.404016435146331787e-01
4.663342535495758057e-01
4.411433637142181396e-01
4.300943017005920410e-01
4.730207026004791260e-01
4.299728572368621826e-01
4.323330521583557129e-01
4.603799283504486084e-01
4.334202706813812256e-01
4.154166281223297119e-01
4.271298050880432129e-01
4.232607781887054443e-01
4.154573380947113037e-01
4.152937531471252441e-01
4.291976988315582275e-01
4.364230334758758545e-01
4.110608696937561035e-01
4.289050102233886719e-01
4.043382108211517334e-01
4.165366291999816895e-01
4.170253276824951172e-01
4.092358648777008057e-01
3.968112468719482422e-01
4.047124385833740234e-01
4.309867918491363525e-01
4.114279448986053467e-01
4.015117585659027100e-01
4.051167964935302734e-01
4.109403789043426514e-01
3.946018815040588379e-01
4.157310426235198975e-01
3.995711505413055420e-01
3.898745477199554443e-01
4.041101634502410889e-01
4.159621894359588623e-01
3.961347639560699463e-01
3.887197673320770264e-01
3.812594115734100342e-01
3.965502381324768066e-01
3.759474754333496094e-01
3.840427696704864502e-01
4.047859311103820801e-01
3.752701282501220703e-01
3.873806893825531006e-01
3.836508989334106445e-01
4.007077217102050781e-01
3.825972974300384521e-01
3.669661879539489746e-01
3.603820502758026123e-01
3.819594085216522217e-01
4.037077724933624268e-01
4.085263311862945557e-01
3.757247924804687500e-01
3.827138841152191162e-01
3.503029048442840576e-01
3.790044486522674561e-01
3.543108105659484863e-01
3.748527467250823975e-01
3.892362117767333984e-01
4.004156291484832764e-01
4.020509719848632812e-01
3.677888810634613037e-01
3.699602782726287842e-01
4.099296629428863525e-01
3.540991842746734619e-01
3.661946356296539307e-01
3.661262989044189453e-01
3.590582013130187988e-01
3.568877875804901123e-01
3.715902566909790039e-01
3.684158027172088623e-01
3.474831581115722656e-01
3.631093204021453857e-01
3.622923493385314941e-01
3.625106513500213623e-01
3.606855571269989014e-01
3.521861732006072998e-01
3.796490728855133057e-01
3.594751358032226562e-01
3.449622988700866699e-01
3.850229382514953613e-01
3.538635373115539551e-01
3.591522276401519775e-01
3.597252666950225830e-01
3.684553802013397217e-01
3.496509790420532227e-01
3.545193970203399658e-01
3.666484057903289795e-01
3.481907546520233154e-01
3.847382366657257080e-01
3.498156070709228516e-01
3.467648923397064209e-01
3.596026599407196045e-01
3.689751029014587402e-01
3.518798053264617920e-01
3.491363227367401123e-01
3.677620589733123779e-01
3.464287221431732178e-01
3.439155220985412598e-01
3.655563592910766602e-01
3.647141754627227783e-01
3.615659773349761963e-01
3.393859267234802246e-01
3.444971740245819092e-01
3.555812537670135498e-01
3.477795124053955078e-01
3.639015853404998779e-01
3.299153447151184082e-01
3.579714000225067139e-01
3.491208255290985107e-01
3.576012551784515381e-01
3.569312989711761475e-01
3.346612155437469482e-01
3.427685499191284180e-01
3.518091738224029541e-01
3.410689532756805420e-01
3.505672514438629150e-01
3.279359936714172363e-01
3.492019772529602051e-01
3.371084630489349365e-01
3.622538745403289795e-01
3.549355864524841309e-01
3.487403094768524170e-01
3.755355477333068848e-01
3.319803178310394287e-01
3.301057517528533936e-01
3.386389613151550293e-01
3.646513223648071289e-01
3.462575078010559082e-01
3.534763157367706299e-01
3.539200425148010254e-01
3.561930954456329346e-01
3.351532518863677979e-01
3.346388936042785645e-01
3.405213057994842529e-01
3.310978412628173828e-01
3.262682557106018066e-01
3.281679153442382812e-01
3.365206718444824219e-01
3.268198370933532715e-01
3.526620864868164062e-01
3.266853392124176025e-01
3.558487892150878906e-01
3.432821035385131836e-01
3.298330008983612061e-01
3.351817131042480469e-01
3.291049897670745850e-01
3.388807773590087891e-01
3.329947590827941895e-01
3.268534839153289795e-01
3.306032121181488037e-01
3.226620852947235107e-01
3.245864808559417725e-01
3.548013865947723389e-01
3.441527187824249268e-01
3.366413116455078125e-01
3.290104269981384277e-01
3.302743732929229736e-01
3.220486342906951904e-01
3.286383748054504395e-01
3.360370099544525146e-01
3.216854035854339600e-01
3.076009452342987061e-01
3.254421055316925049e-01
3.466683626174926758e-01
3.197024464607238770e-01
3.386800587177276611e-01
3.317440748214721680e-01
3.256047368049621582e-01
3.226724863052368164e-01
3.184043467044830322e-01
3.261285126209259033e-01
3.408845961093902588e-01
3.393948674201965332e-01
3.465576469898223877e-01
3.313854634761810303e-01
3.456760048866271973e-01
3.191080987453460693e-01
3.414626121520996094e-01
3.296425342559814453e-01
3.319593071937561035e-01
3.249254226684570312e-01
3.271361887454986572e-01
3.469387590885162354e-01
3.248405158519744873e-01
3.149952888488769531e-01
3.434927761554718018e-01
3.560279011726379395e-01
3.339777588844299316e-01
3.259236514568328857e-01
3.379374742507934570e-01
3.295575082302093506e-01
3.233663439750671387e-01
3.152750730514526367e-01
3.431659638881683350e-01
3.519717752933502197e-01
3.210402131080627441e-01
3.174649178981781006e-01
3.221098780632019043e-01
3.420360088348388672e-01
3.308315575122833252e-01
3.190227150917053223e-01
3.231826722621917725e-01
3.396434783935546875e-01
3.331717550754547119e-01
3.314421474933624268e-01
3.284265697002410889e-01
3.347681760787963867e-01
3.240458369255065918e-01
3.210718631744384766e-01
3.237574398517608643e-01
3.359686732292175293e-01
3.128473758697509766e-01
3.161908686161041260e-01
3.113014698028564453e-01
3.125436604022979736e-01
3.323936462402343750e-01
3.086500167846679688e-01
3.364407420158386230e-01
3.240851461887359619e-01
3.462123572826385498e-01
3.509580194950103760e-01
3.224975764751434326e-01
3.207995891571044922e-01
3.091455996036529541e-01
3.188168704509735107e-01
3.124452829360961914e-01
3.401848971843719482e-01
3.203756809234619141e-01
3.239445090293884277e-01
3.292565047740936279e-01
3.118921816349029541e-01
3.099602162837982178e-01
3.286465108394622803e-01
3.355312943458557129e-01
3.065619170665740967e-01
3.162250518798828125e-01
3.180020749568939209e-01
3.165309131145477295e-01
3.188575208187103271e-01
3.147532045841217041e-01
3.444865345954895020e-01
3.028185069561004639e-01
3.432282507419586182e-01
3.167762458324432373e-01
3.014989495277404785e-01
3.351272046566009521e-01
3.039191663265228271e-01
3.283378183841705322e-01
3.213414251804351807e-01
3.072677552700042725e-01
3.359254300594329834e-01
3.121691644191741943e-01
3.141463100910186768e-01
3.077544569969177246e-01
3.191088736057281494e-01
3.072679042816162109e-01
3.067604005336761475e-01
3.324101567268371582e-01
3.166363239288330078e-01
3.136339187622070312e-01
3.241424858570098877e-01
3.079952299594879150e-01
2.988671362400054932e-01
3.225772082805633545e-01
3.212401866912841797e-01
3.252737820148468018e-01
2.944518327713012695e-01
3.174880445003509521e-01
3.172076344490051270e-01
3.178039193153381348e-01
3.145705461502075195e-01
3.098109364509582520e-01
3.111270368099212646e-01
3.059857189655303955e-01
3.224731385707855225e-01
3.104178905487060547e-01
3.115026354789733887e-01
3.073918223381042480e-01
3.094345927238464355e-01
3.433410227298736572e-01
3.132255673408508301e-01
3.100947737693786621e-01
3.048131167888641357e-01
2.987010478973388672e-01
3.171391487121582031e-01
3.226200640201568604e-01
3.232485353946685791e-01
3.084737956523895264e-01
3.179554641246795654e-01
3.072561621665954590e-01
3.145297467708587646e-01
3.341712653636932373e-01
2.947196960449218750e-01
3.125061690807342529e-01
3.061820566654205322e-01
2.927648425102233887e-01
3.201406896114349365e-01
3.172455430030822754e-01
3.338818848133087158e-01
2.941512465476989746e-01
3.183521926403045654e-01
2.998155653476715088e-01
3.008320629596710205e-01
3.089489638805389404e-01
2.961229979991912842e-01
3.255615830421447754e-01
3.083414137363433838e-01
3.060532808303833008e-01
3.019987046718597412e-01
3.089316785335540771e-01
3.018060624599456787e-01
3.062689006328582764e-01
2.979038357734680176e-01
3.075121939182281494e-01
3.018591105937957764e-01
3.045789897441864014e-01
3.078181743621826172e-01
3.153604865074157715e-01
3.175968825817108154e-01
3.036825656890869141e-01
3.116385638713836670e-01
3.068667948246002197e-01
2.946616411209106445e-01
3.155058920383453369e-01
3.280050158500671387e-01
3.007293641567230225e-01
3.072313368320465088e-01
3.016651272773742676e-01
3.149533867835998535e-01
3.018462359905242920e-01
3.217447102069854736e-01
3.051317632198333740e-01
3.366427123546600342e-01
3.011849820613861084e-01
3.076014220714569092e-01
3.058731853961944580e-01
3.095430135726928711e-01
3.104868829250335693e-01
2.980431020259857178e-01
2.946935594081878662e-01
2.990776598453521729e-01
3.032387495040893555e-01
3.085418343544006348e-01
3.046588301658630371e-01
3.109584748744964600e-01
3.339574337005615234e-01
2.958621978759765625e-01
2.898280024528503418e-01
3.146550655364990234e-01
3.136856853961944580e-01
3.000834882259368896e-01
3.002048134803771973e-01
2.977397441864013672e-01
3.062767684459686279e-01
2.961230874061584473e-01
3.056378066539764404e-01
3.229401707649230957e-01
3.292308449745178223e-01
3.080134093761444092e-01
3.114289343357086182e-01
2.933510243892669678e-01
3.106157481670379639e-01
2.932531237602233887e-01
3.022877871990203857e-01
3.192013204097747803e-01
3.093298077583312988e-01
3.298788070678710938e-01
2.957939207553863525e-01
2.953357398509979248e-01
3.055802881717681885e-01
3.163727819919586182e-01
2.911966741085052490e-01
3.028332591056823730e-01
2.992083728313446045e-01
2.925319373607635498e-01
3.120952248573303223e-01
3.012432456016540527e-01
3.129541873931884766e-01
3.056254982948303223e-01
3.012546002864837646e-01
2.996148467063903809e-01
2.887552380561828613e-01
3.026784956455230713e-01
3.104425370693206787e-01
2.944096922874450684e-01
3.038960099220275879e-01
3.017343580722808838e-01
3.260385692119598389e-01
2.986851632595062256e-01
2.945273816585540771e-01
2.876092493534088135e-01
2.852164208889007568e-01
2.902738451957702637e-01
3.003934025764465332e-01
2.908852696418762207e-01
3.080439567565917969e-01
2.936255633831024170e-01
2.888409793376922607e-01
2.914004325866699219e-01
2.836589813232421875e-01
2.987298965454101562e-01
3.120153546333312988e-01
2.940708994865417480e-01
2.860113382339477539e-01
2.918666005134582520e-01
3.123706877231597900e-01
3.072690367698669434e-01
2.895480096340179443e-01
3.111247718334197998e-01
3.195606768131256104e-01
2.979607284069061279e-01
2.915090322494506836e-01
3.001191914081573486e-01
3.115819394588470459e-01
2.905716300010681152e-01
2.878495454788208008e-01
3.060606420040130615e-01
3.112479150295257568e-01
2.944613397121429443e-01
2.885856330394744873e-01
3.526303470134735107e-01
2.979680001735687256e-01
3.087205588817596436e-01
3.064655065536499023e-01
2.840300202369689941e-01
2.964975237846374512e-01
2.995212972164154053e-01
3.063895106315612793e-01
3.067381083965301514e-01
2.982469499111175537e-01
2.851344048976898193e-01
3.101577460765838623e-01
2.886175513267517090e-01
3.351219594478607178e-01
2.972497940063476562e-01
2.894901335239410400e-01
2.929030954837799072e-01
3.033460080623626709e-01
3.057641685009002686e-01
2.883836328983306885e-01
2.995038032531738281e-01
2.943207919597625732e-01
2.980036735534667969e-01
3.035817742347717285e-01
3.161284923553466797e-01
2.922500073909759521e-01
3.003288805484771729e-01
3.012747466564178467e-01
2.956047654151916504e-01
2.907591164112091064e-01
2.908090054988861084e-01
3.024975657463073730e-01
2.902588546276092529e-01
2.913196086883544922e-01
2.885707616806030273e-01
3.036909997463226318e-01
2.778628468513488770e-01
3.014197051525115967e-01
2.981357574462890625e-01
3.017008304595947266e-01
2.945387363433837891e-01
2.930243909358978271e-01
2.902736365795135498e-01
3.002025187015533447e-01
2.986290454864501953e-01
2.975336611270904541e-01
2.869536578655242920e-01
3.100492954254150391e-01
2.862042188644409180e-01
3.272869586944580078e-01
3.221618831157684326e-01
3.141698837280273438e-01
2.958281934261322021e-01
2.873035967350006104e-01
3.123617172241210938e-01
2.998472750186920166e-01
2.977555394172668457e-01
2.936801612377166748e-01
2.905084788799285889e-01
2.990326285362243652e-01
3.019384443759918213e-01
2.961254119873046875e-01
2.881284356117248535e-01
2.917893826961517334e-01
2.845480144023895264e-01
2.852290570735931396e-01
2.847696244716644287e-01
3.037413954734802246e-01
2.894799411296844482e-01
2.861851155757904053e-01
3.115741908550262451e-01
2.910812199115753174e-01
2.960076630115509033e-01
2.931349277496337891e-01
3.055216670036315918e-01
3.023047149181365967e-01
2.882286012172698975e-01
2.843665182590484619e-01
3.093325793743133545e-01
2.875923216342926025e-01
2.855018675327301025e-01
2.955841720104217529e-01
2.937434613704681396e-01
2.843921184539794922e-01
2.844946980476379395e-01
2.886713445186614990e-01
2.929570078849792480e-01
3.000340163707733154e-01
2.917924523353576660e-01
2.770132720470428467e-01
2.864583134651184082e-01
2.910888791084289551e-01
3.162834644317626953e-01
2.787352502346038818e-01
3.001272380352020264e-01
2.836392521858215332e-01
2.976199984550476074e-01
2.909804582595825195e-01
2.822427451610565186e-01
3.390515446662902832e-01
2.960166931152343750e-01
3.011724054813385010e-01
2.978364229202270508e-01
2.885221838951110840e-01
2.984177768230438232e-01
2.816395461559295654e-01
2.829921245574951172e-01
2.910560071468353271e-01
2.854888141155242920e-01
2.970667183399200439e-01
2.851251661777496338e-01
2.978762686252593994e-01
3.017590641975402832e-01
3.032536506652832031e-01
2.958629727363586426e-01
3.131112158298492432e-01
2.924143970012664795e-01
2.777682244777679443e-01
2.919727563858032227e-01
2.957657873630523682e-01
2.883448302745819092e-01
2.864595353603363037e-01
2.847081124782562256e-01
2.846514880657196045e-01
2.953300476074218750e-01
2.790412604808807373e-01
2.870028913021087646e-01
2.897739410400390625e-01
2.811640799045562744e-01
2.887791693210601807e-01
2.857881486415863037e-01
2.952218949794769287e-01
2.839681208133697510e-01
3.028847277164459229e-01
2.836039960384368896e-01
3.091938197612762451e-01
3.054243922233581543e-01
2.858993709087371826e-01
2.896208763122558594e-01
2.969450354576110840e-01
2.842757701873779297e-01
3.139446675777435303e-01
2.848789393901824951e-01
3.016034066677093506e-01
3.255794942378997803e-01
2.899010777473449707e-01
2.866600453853607178e-01
2.860387265682220459e-01
2.833130955696105957e-01
2.899499535560607910e-01
2.929027676582336426e-01
2.849690318107604980e-01
2.912515103816986084e-01
2.873124480247497559e-01
2.878290712833404541e-01
3.168635964393615723e-01
2.828735411167144775e-01
3.054516613483428955e-01
2.996757030487060547e-01
2.909640073776245117e-01
2.888824641704559326e-01
2.776308953762054443e-01
2.963366508483886719e-01
2.979427874088287354e-01
2.948229312896728516e-01
2.980483174324035645e-01
3.062989413738250732e-01
2.827306091785430908e-01
2.765025794506072998e-01
3.139691054821014404e-01
2.760020792484283447e-01
2.912019193172454834e-01
2.858823239803314209e-01
2.896504104137420654e-01
2.899922430515289307e-01
2.806258499622344971e-01
2.789500653743743896e-01
2.879764437675476074e-01
2.958951890468597412e-01
2.945588529109954834e-01
2.960839271545410156e-01
2.794210016727447510e-01
2.945222556591033936e-01
2.762539982795715332e-01
2.901124656200408936e-01
2.911294996738433838e-01
2.975257039070129395e-01
2.844217717647552490e-01
2.892236709594726562e-01
3.153855502605438232e-01
2.868998944759368896e-01
3.020866513252258301e-01
2.854824662208557129e-01
2.825246155261993408e-01
2.799422740936279297e-01
2.927969694137573242e-01
2.892881333827972412e-01
2.922043204307556152e-01
2.824835777282714844e-01
2.858935892581939697e-01
2.794694602489471436e-01
2.824990451335906982e-01
2.842541635036468506e-01
3.111998140811920166e-01
2.913347780704498291e-01
2.771812677383422852e-01
2.804569005966186523e-01
2.874534130096435547e-01
2.838838696479797363e-01
2.884962260723114014e-01
2.898669242858886719e-01
3.090688884258270264e-01
2.815996706485748291e-01
2.800494730472564697e-01
2.818044126033782959e-01
2.855099737644195557e-01
2.956472039222717285e-01
3.001311719417572021e-01
2.799757421016693115e-01
2.907664477825164795e-01
2.805952727794647217e-01
2.802377343177795410e-01
2.885334193706512451e-01
2.784319818019866943e-01
2.932666242122650146e-01
2.826912701129913330e-01
3.097439706325531006e-01
2.867746353149414062e-01
2.860778570175170898e-01
2.828645408153533936e-01
2.807966470718383789e-01
2.805576026439666748e-01
3.038283288478851318e-01
2.713216245174407959e-01
2.877351939678192139e-01
2.982393801212310791e-01
2.967604100704193115e-01
2.747558057308197021e-01
2.786979377269744873e-01
2.682175040245056152e-01
2.760618627071380615e-01
2.874068915843963623e-01
2.853811085224151611e-01
2.844710350036621094e-01
2.975759208202362061e-01
2.857981026172637939e-01
2.830545008182525635e-01
2.983449101448059082e-01
2.866154611110687256e-01
2.973393499851226807e-01
2.730771601200103760e-01
3.007868528366088867e-01
2.781098186969757080e-01
2.826947271823883057e-01
2.764775454998016357e-01
2.786619961261749268e-01
2.814593017101287842e-01
2.785499989986419678e-01
2.746231555938720703e-01
2.751934230327606201e-01
2.893862724304199219e-01
2.957993149757385254e-01
2.819480895996093750e-01
2.822773456573486328e-01
2.818379104137420654e-01
2.967591881752014160e-01
2.874137163162231445e-01
2.905088365077972412e-01
2.790674865245819092e-01
2.957593500614166260e-01
2.744491994380950928e-01
2.914672791957855225e-01
2.811744809150695801e-01
3.107735514640808105e-01
2.910791933536529541e-01
2.871561646461486816e-01
2.925178110599517822e-01
2.812154889106750488e-01
2.998183667659759521e-01
2.796718776226043701e-01
3.035726249217987061e-01
2.793637216091156006e-01
2.824270725250244141e-01
2.864024639129638672e-01
2.886295914649963379e-01
2.761190235614776611e-01
2.913114726543426514e-01
2.790112793445587158e-01
2.858011722564697266e-01
2.807298302650451660e-01
2.731195092201232910e-01
2.888777852058410645e-01
2.870395481586456299e-01
2.707896232604980469e-01
2.903368175029754639e-01
2.903157174587249756e-01
2.940221726894378662e-01
2.770367264747619629e-01
2.877363860607147217e-01
2.954748272895812988e-01
2.802616655826568604e-01
2.891481518745422363e-01
2.877259552478790283e-01
2.804316580295562744e-01
2.753973305225372314e-01
2.849107980728149414e-01
2.847265601158142090e-01
2.786776721477508545e-01
2.726728916168212891e-01
2.995154857635498047e-01
2.951126992702484131e-01
2.767951190471649170e-01
2.843887507915496826e-01
2.795842587947845459e-01
2.813131809234619141e-01
2.866565883159637451e-01
2.839694619178771973e-01
2.881834506988525391e-01
2.856770157814025879e-01
2.738195359706878662e-01
2.770962715148925781e-01
2.691423594951629639e-01
2.781845927238464355e-01
3.085546791553497314e-01
2.745985090732574463e-01
2.738099098205566406e-01
2.794524133205413818e-01
2.781029045581817627e-01
2.687947452068328857e-01
2.813405990600585938e-01
2.830065786838531494e-01
2.935261130332946777e-01
2.850644290447235107e-01
2.917705476284027100e-01
2.893197238445281982e-01
2.803876399993896484e-01
2.869188189506530762e-01
2.810048758983612061e-01
2.775389254093170166e-01
2.863870561122894287e-01
2.733020484447479248e-01
2.804939448833465576e-01
2.754054069519042969e-01
2.914860844612121582e-01
2.710475027561187744e-01
2.736251354217529297e-01
2.817995250225067139e-01
2.776452004909515381e-01
2.755036950111389160e-01
2.796005606651306152e-01
2.760301530361175537e-01
2.883983552455902100e-01
2.776415348052978516e-01
3.124121129512786865e-01
2.741310298442840576e-01
2.713236510753631592e-01
2.759540081024169922e-01
2.853957712650299072e-01
2.895669937133789062e-01
2.906625866889953613e-01
2.862629294395446777e-01
2.766424119472503662e-01
2.758106291294097900e-01
3.019802570343017578e-01
2.916029989719390869e-01
2.903432846069335938e-01
2.789115011692047119e-01
2.850963771343231201e-01
2.914017140865325928e-01
2.973357439041137695e-01
2.899491786956787109e-01
2.896646559238433838e-01
2.770264148712158203e-01
2.840055227279663086e-01
2.740457653999328613e-01
2.791005969047546387e-01
2.786729037761688232e-01
2.855273187160491943e-01
2.740852534770965576e-01
2.778983712196350098e-01
2.903677523136138916e-01
2.694082558155059814e-01
2.770034074783325195e-01
3.082842528820037842e-01
2.774879932403564453e-01
2.743916511535644531e-01
2.769642770290374756e-01
2.955136895179748535e-01
2.937074601650238037e-01
2.740618884563446045e-01
2.778718769550323486e-01
2.746510207653045654e-01
2.733591794967651367e-01
2.807641029357910156e-01
2.682192027568817139e-01
2.842387855052947998e-01
2.815841734409332275e-01
2.677325904369354248e-01
2.726699113845825195e-01
2.842400670051574707e-01
2.792032361030578613e-01
2.995570600032806396e-01
2.888740599155426025e-01
2.709386348724365234e-01
2.836979925632476807e-01
2.850795686244964600e-01
2.739460170269012451e-01
3.007473945617675781e-01
2.762882411479949951e-01
2.709437310695648193e-01
2.792138457298278809e-01
2.810077369213104248e-01
2.845999896526336670e-01
2.771415412425994873e-01
2.950925529003143311e-01
2.753877341747283936e-01
2.702675759792327881e-01
2.687246799468994141e-01
2.728315889835357666e-01
2.732631862163543701e-01
2.855565249919891357e-01
2.733032405376434326e-01
2.804187834262847900e-01
2.751079499721527100e-01
2.823186218738555908e-01
2.852266728878021240e-01
2.959859669208526611e-01
2.726244032382965088e-01
2.893688380718231201e-01
2.752557992935180664e-01
2.744956910610198975e-01
2.829048037528991699e-01
2.767211496829986572e-01
2.928256094455718994e-01
2.643560469150543213e-01
2.989591956138610840e-01
2.738072276115417480e-01
3.034399449825286865e-01
2.666754126548767090e-01
2.770893573760986328e-01
2.694697976112365723e-01
2.743170261383056641e-01
2.717694342136383057e-01
2.777350842952728271e-01
2.784539163112640381e-01
2.689372003078460693e-01
2.723207771778106689e-01
2.788301706314086914e-01
2.858540117740631104e-01
2.703532278537750244e-01
2.696025967597961426e-01
2.909364104270935059e-01
2.708441317081451416e-01
2.803675830364227295e-01
2.776269018650054932e-01
2.873912453651428223e-01
2.824309766292572021e-01
2.947866022586822510e-01
2.958765327930450439e-01
2.643715441226959229e-01
2.818317115306854248e-01
2.833969295024871826e-01
2.781474292278289795e-01
2.741583287715911865e-01
3.005124628543853760e-01
2.753525376319885254e-01
2.815618216991424561e-01
2.732285857200622559e-01
2.805693149566650391e-01
2.772797346115112305e-01
2.967146337032318115e-01
2.739146053791046143e-01
2.787124812602996826e-01
2.848212420940399170e-01
2.774402201175689697e-01
2.777123451232910156e-01
2.743630409240722656e-01
2.644885182380676270e-01
2.901591360569000244e-01
2.787431478500366211e-01
2.877425253391265869e-01
2.687779963016510010e-01
2.889468669891357422e-01
2.709670364856719971e-01
2.800814807415008545e-01
2.737886607646942139e-01
2.791000008583068848e-01
2.861469388008117676e-01
2.877027690410614014e-01
2.674170434474945068e-01
2.727682292461395264e-01
2.681831419467926025e-01
2.757399976253509521e-01
2.844441831111907959e-01
2.820771932601928711e-01
2.707763016223907471e-01
2.716991901397705078e-01
2.657061517238616943e-01
2.732026278972625732e-01
2.808549404144287109e-01
2.784954607486724854e-01
2.780469357967376709e-01
2.999345362186431885e-01
2.786529958248138428e-01
2.768115997314453125e-01
2.664056420326232910e-01
2.837439477443695068e-01
2.990919947624206543e-01
2.675242125988006592e-01
3.014240860939025879e-01
2.811480164527893066e-01
2.670736014842987061e-01
2.835148572921752930e-01
2.747298777103424072e-01
3.124091029167175293e-01
2.808324396610260010e-01
2.702428400516510010e-01
2.776550352573394775e-01
2.919732034206390381e-01
2.789043784141540527e-01
2.695465683937072754e-01
2.638584077358245850e-01
2.752972543239593506e-01
2.727208733558654785e-01
2.748898267745971680e-01
2.652133107185363770e-01
2.710847854614257812e-01
2.675138711929321289e-01
2.699460983276367188e-01
2.747988700866699219e-01
2.694725096225738525e-01
2.790504395961761475e-01
2.702046036720275879e-01
2.830890715122222900e-01
2.775661647319793701e-01
2.796536087989807129e-01
2.589865624904632568e-01
2.854685783386230469e-01
2.806474864482879639e-01
2.762787044048309326e-01
2.819326221942901611e-01
2.635109722614288330e-01
2.675890922546386719e-01
2.697087228298187256e-01
2.731383442878723145e-01
3.132295310497283936e-01
2.768168151378631592e-01
2.986594140529632568e-01
2.758540809154510498e-01
2.745873630046844482e-01
2.711728513240814209e-01
2.731254100799560547e-01
2.689109742641448975e-01
2.698977589607238770e-01
2.654580771923065186e-01
2.760076224803924561e-01
2.932757735252380371e-01
2.844951152801513672e-01
2.763063907623291016e-01
2.735013067722320557e-01
2.739081680774688721e-01
2.743929922580718994e-01
2.746098935604095459e-01
2.769767940044403076e-01
2.812933027744293213e-01
2.753902971744537354e-01
2.702305018901824951e-01
2.857473790645599365e-01
2.801391780376434326e-01
2.669032812118530273e-01
2.770596444606781006e-01
2.800050377845764160e-01
2.682232856750488281e-01
2.789792418479919434e-01
2.920987010002136230e-01
2.828683853149414062e-01
2.699140012264251709e-01
2.836917638778686523e-01
2.726529240608215332e-01
2.741959989070892334e-01
2.820444703102111816e-01
2.815157175064086914e-01
2.686718404293060303e-01
2.769530713558197021e-01
2.733571231365203857e-01
2.680248022079467773e-01
2.749126553535461426e-01
2.632989585399627686e-01
2.732249796390533447e-01
2.788629829883575439e-01
2.857271134853363037e-01
2.738306224346160889e-01
2.925796508789062500e-01
2.749934196472167969e-01
2.664368152618408203e-01
2.752504348754882812e-01
2.678588330745697021e-01
2.651767432689666748e-01
2.638452053070068359e-01
2.736660838127136230e-01
2.711278498172760010e-01
2.780345976352691650e-01
2.724831402301788330e-01
2.804961800575256348e-01
2.827368378639221191e-01
2.795807123184204102e-01
2.651064395904541016e-01
2.703168392181396484e-01
2.706022262573242188e-01
2.824797034263610840e-01
2.740641236305236816e-01
2.861438691616058350e-01
2.834484577178955078e-01
2.784893810749053955e-01
2.713397145271301270e-01
3.172690570354461670e-01
2.643944621086120605e-01
2.645421624183654785e-01
2.865866124629974365e-01
2.726384103298187256e-01
2.634943127632141113e-01
2.724483907222747803e-01
2.989794909954071045e-01
2.739213407039642334e-01
2.724371850490570068e-01
2.764810621738433838e-01
2.709034383296966553e-01
2.820388376712799072e-01
2.783029675483703613e-01
2.684951722621917725e-01
2.763483524322509766e-01
2.653840482234954834e-01
2.703444063663482666e-01
2.790016233921051025e-01
2.827433943748474121e-01
2.772544920444488525e-01
2.751204669475555420e-01
2.725931704044342041e-01
2.799618244171142578e-01
2.618608176708221436e-01
2.695133388042449951e-01
2.596408724784851074e-01
2.675698101520538330e-01
2.632021307945251465e-01
2.851661741733551025e-01
2.871704697608947754e-01
2.750412523746490479e-01
2.640957534313201904e-01
2.630225718021392822e-01
2.725902199745178223e-01
2.620689272880554199e-01
2.807510197162628174e-01
3.049052655696868896e-01
2.764599025249481201e-01
2.709665894508361816e-01
2.901274561882019043e-01
2.789056003093719482e-01
2.611387968063354492e-01
2.739248871803283691e-01
2.691721916198730469e-01
2.686675488948822021e-01
3.005466163158416748e-01
2.786235809326171875e-01
2.829861342906951904e-01
2.791671752929687500e-01
2.783121764659881592e-01
2.691394388675689697e-01
2.754135727882385254e-01
2.660245001316070557e-01
2.835285961627960205e-01
2.661049067974090576e-01
2.720389366149902344e-01
2.600203454494476318e-01
2.746086716651916504e-01
2.820247411727905273e-01
2.670371234416961670e-01
2.721313536167144775e-01
2.712937295436859131e-01
2.663303315639495850e-01
2.745631933212280273e-01
2.668978869915008545e-01
2.694256901741027832e-01
2.702708840370178223e-01
2.688289284706115723e-01
2.681036591529846191e-01
2.580512762069702148e-01
2.834957540035247803e-01
2.673039138317108154e-01
2.680671215057373047e-01
2.764570415019989014e-01
2.578656971454620361e-01
2.751731872558593750e-01
2.871465682983398438e-01
2.615005970001220703e-01
2.648883759975433350e-01
2.811428010463714600e-01
2.727059423923492432e-01
2.677883803844451904e-01
2.710807025432586670e-01
2.679724693298339844e-01
2.674599587917327881e-01
2.908563315868377686e-01
2.627131044864654541e-01
2.638725936412811279e-01
2.678570449352264404e-01
2.652480304241180420e-01
2.697672843933105469e-01
2.839052677154541016e-01
2.583626508712768555e-01
2.793508470058441162e-01
2.928929030895233154e-01
2.689420282840728760e-01
2.630059123039245605e-01
2.631427645683288574e-01
2.701023519039154053e-01
2.613703012466430664e-01
2.874405086040496826e-01
2.702298462390899658e-01
2.728274464607238770e-01
2.904473245143890381e-01
2.684468924999237061e-01
2.771119177341461182e-01
2.770179212093353271e-01
2.660635411739349365e-01
2.694741487503051758e-01
2.831583619117736816e-01
2.696262896060943604e-01
2.951441407203674316e-01
2.704454064369201660e-01
2.814880907535552979e-01
2.819381356239318848e-01
2.773815989494323730e-01
2.757939994335174561e-01
2.642183303833007812e-01
2.708164751529693604e-01
2.745150029659271240e-01
2.881095111370086670e-01
2.761064171791076660e-01
2.607283592224121094e-01
2.718200087547302246e-01
2.985108792781829834e-01
2.635366618633270264e-01
2.734253108501434326e-01
2.891103923320770264e-01
2.844239771366119385e-01
2.600714862346649170e-01
2.817985117435455322e-01
2.585120499134063721e-01
2.706678509712219238e-01
2.751522958278656006e-01
2.720302641391754150e-01
2.807414531707763672e-01
2.706220149993896484e-01
3.026605248451232910e-01
2.644622921943664551e-01
2.681759893894195557e-01
2.585959434509277344e-01
2.709488570690155029e-01
2.704954743385314941e-01
2.640617489814758301e-01
2.701299786567687988e-01
2.758677601814270020e-01
2.611000239849090576e-01
2.710646986961364746e-01
2.625642418861389160e-01
2.670838236808776855e-01
3.057781159877777100e-01
2.899962067604064941e-01
2.675935924053192139e-01
2.639478147029876709e-01
2.643774151802062988e-01
2.610610425472259521e-01
2.734285295009613037e-01
2.682743370532989502e-01
2.682292461395263672e-01
2.623809874057769775e-01
2.767333984375000000e-01
2.636008262634277344e-01
2.630843818187713623e-01
2.682963907718658447e-01
2.806181907653808594e-01
2.655062675476074219e-01
2.704847157001495361e-01
2.716379761695861816e-01
2.670575082302093506e-01
2.697667777538299561e-01
2.677769362926483154e-01
2.730533778667449951e-01
2.923100292682647705e-01
2.701873779296875000e-01
2.791035771369934082e-01
2.705664932727813721e-01
2.897196412086486816e-01
2.627263665199279785e-01
2.711564600467681885e-01
2.669140398502349854e-01
2.667869925498962402e-01
2.710549831390380859e-01
2.658047378063201904e-01
2.670786976814270020e-01
2.651531398296356201e-01
2.707110345363616943e-01
2.698954045772552490e-01
2.662706077098846436e-01
2.690202891826629639e-01
2.610535621643066406e-01
2.700490951538085938e-01
2.725510001182556152e-01
2.680397927761077881e-01
2.667227387428283691e-01
2.611897587776184082e-01
2.733275592327117920e-01
2.821827828884124756e-01
2.760311067104339600e-01
2.601858079433441162e-01
2.689820230007171631e-01
2.762244641780853271e-01
2.680813968181610107e-01
2.751851081848144531e-01
2.646388709545135498e-01
3.019582927227020264e-01
2.784163653850555420e-01
2.716627418994903564e-01
2.685264050960540771e-01
2.654407322406768799e-01
2.679601311683654785e-01
2.713677883148193359e-01
2.645120620727539062e-01
2.698373198509216309e-01
2.629098296165466309e-01
2.765222489833831787e-01
2.718315720558166504e-01
2.968487441539764404e-01
2.751538455486297607e-01
2.661282122135162354e-01
2.641408145427703857e-01
2.714188396930694580e-01
2.625215947628021240e-01
2.622264623641967773e-01
2.599351406097412109e-01
2.862214744091033936e-01
2.721610069274902344e-01
2.711444199085235596e-01
2.631084918975830078e-01
2.768547832965850830e-01
2.691605091094970703e-01
2.833647429943084717e-01
2.612794339656829834e-01
2.622615098953247070e-01
2.731519937515258789e-01
2.660106718540191650e-01
2.567566335201263428e-01
2.742560505867004395e-01
2.672283649444580078e-01
2.857668399810791016e-01
2.584964334964752197e-01
2.683112025260925293e-01
2.714464664459228516e-01
2.700212597846984863e-01
2.566882669925689697e-01
2.712620794773101807e-01
2.631362080574035645e-01
2.599635124206542969e-01
2.652162015438079834e-01
2.590062320232391357e-01
2.651309669017791748e-01
2.692127823829650879e-01
2.716777920722961426e-01
2.757120430469512939e-01
2.606379091739654541e-01
2.596384584903717041e-01
2.670810222625732422e-01
2.587191164493560791e-01
2.875695824623107910e-01
2.785430550575256348e-01
2.718262672424316406e-01
2.806546390056610107e-01
2.610950171947479248e-01
2.708818614482879639e-01
2.662168443202972412e-01
2.642659842967987061e-01
2.697749733924865723e-01
2.740967869758605957e-01
2.614000737667083740e-01
2.561914026737213135e-01
2.678461968898773193e-01
2.575952708721160889e-01
2.575446665287017822e-01
2.759358584880828857e-01
2.575711309909820557e-01
2.683742940425872803e-01
2.563428580760955811e-01
2.645934224128723145e-01
2.681106030941009521e-01
2.758666574954986572e-01
2.651287019252777100e-01
2.715742290019989014e-01
2.729439437389373779e-01
2.774365842342376709e-01
2.644250988960266113e-01
2.602755129337310791e-01
2.625865638256072998e-01
2.805697619915008545e-01
2.715371847152709961e-01
2.592696845531463623e-01
2.604336738586425781e-01
2.648802399635314941e-01
2.577295899391174316e-01
2.819012105464935303e-01
2.786704599857330322e-01
2.672165930271148682e-01
2.687002122402191162e-01
2.697969377040863037e-01
2.626781165599822998e-01
2.596645355224609375e-01
2.629483342170715332e-01
2.712218463420867920e-01
2.620997428894042969e-01
2.617816627025604248e-01
2.769861817359924316e-01
2.679202854633331299e-01
2.629445493221282959e-01
2.901595532894134521e-01
2.750270962715148926e-01
2.741721272468566895e-01
2.785278260707855225e-01
2.871335446834564209e-01
2.837209999561309814e-01
2.637851536273956299e-01
2.590014934539794922e-01
2.681671380996704102e-01
2.826419472694396973e-01
2.779391407966613770e-01
2.641330659389495850e-01
2.808113992214202881e-01
2.671949267387390137e-01
2.610399425029754639e-01
2.631841599941253662e-01
2.649732232093811035e-01
2.682086527347564697e-01
2.668220996856689453e-01
2.571615576744079590e-01
2.789655625820159912e-01
2.673699557781219482e-01
2.596029639244079590e-01
2.673665583133697510e-01
2.605774104595184326e-01
2.726417183876037598e-01
2.656195163726806641e-01
2.717727124691009521e-01
2.619352042675018311e-01
2.567951381206512451e-01
2.698062360286712646e-01
2.749221026897430420e-01
2.670505940914154053e-01
2.669685781002044678e-01
2.585189044475555420e-01
2.666203677654266357e-01
2.638835906982421875e-01
2.805441319942474365e-01
2.928303182125091553e-01
2.650640606880187988e-01
2.586933672428131104e-01
2.732652127742767334e-01
2.761210501194000244e-01
2.600397765636444092e-01
2.685459852218627930e-01
2.628359496593475342e-01
2.621017396450042725e-01
2.802698314189910889e-01
2.607536613941192627e-01
2.818158566951751709e-01
2.580762803554534912e-01
2.671211361885070801e-01
2.533582746982574463e-01
2.567733526229858398e-01
2.606919705867767334e-01
2.799184620380401611e-01
2.585823535919189453e-01
2.677900791168212891e-01
2.623903751373291016e-01
2.634902894496917725e-01
2.773413658142089844e-01
2.769450247287750244e-01
2.746586203575134277e-01
2.585956156253814697e-01
2.728932797908782959e-01
2.658408880233764648e-01
2.745621502399444580e-01
2.741625905036926270e-01
2.706564068794250488e-01
2.691869735717773438e-01
2.588991522789001465e-01
2.721266150474548340e-01
2.830911576747894287e-01
2.714516818523406982e-01
2.848830223083496094e-01
2.599225938320159912e-01
2.703109383583068848e-01
2.637106478214263916e-01
2.594142258167266846e-01
2.553096413612365723e-01
2.666376531124114990e-01
2.614440917968750000e-01
2.710863351821899414e-01
2.646753191947937012e-01
2.694217562675476074e-01
2.738137841224670410e-01
2.575487792491912842e-01
2.570628821849822998e-01
2.826187014579772949e-01
2.767915725708007812e-01
2.683690190315246582e-01
2.796631753444671631e-01
2.606362402439117432e-01
2.641332149505615234e-01
2.627098858356475830e-01
2.529942989349365234e-01
2.650394439697265625e-01
2.693521678447723389e-01
2.723465561866760254e-01
2.547947466373443604e-01
2.924240529537200928e-01
2.708115279674530029e-01
2.623845636844635010e-01
2.627228498458862305e-01
2.592713534832000732e-01
2.584472000598907471e-01
2.580558359622955322e-01
2.606540322303771973e-01
2.538050115108489990e-01
2.827138900756835938e-01
2.537451684474945068e-01
2.657804787158966064e-01
2.595016658306121826e-01
2.635121941566467285e-01
2.637959718704223633e-01
2.635068595409393311e-01
2.714343369007110596e-01
2.654054462909698486e-01
2.701622545719146729e-01
2.933588624000549316e-01
2.621554434299468994e-01
2.636431753635406494e-01
2.550701797008514404e-01
2.691803276538848877e-01
2.661072313785552979e-01
2.617041766643524170e-01
2.657221555709838867e-01
2.774053215980529785e-01
2.662483155727386475e-01
2.658473551273345947e-01
2.734253406524658203e-01
2.548338472843170166e-01
2.633704245090484619e-01
2.711038589477539062e-01
2.686701416969299316e-01
2.601963877677917480e-01
2.512747347354888916e-01
2.766519486904144287e-01
2.705360054969787598e-01
2.860983312129974365e-01
2.629339396953582764e-01
2.558674812316894531e-01
2.615991532802581787e-01
2.627108693122863770e-01
2.570364475250244141e-01
2.675687372684478760e-01
2.687222659587860107e-01
2.638520598411560059e-01
2.653653621673583984e-01
2.682996690273284912e-01
2.763750255107879639e-01
2.684458792209625244e-01
2.620702385902404785e-01
2.629565298557281494e-01
2.812663614749908447e-01
2.785697579383850098e-01
2.613313198089599609e-01
2.639932334423065186e-01
2.612723410129547119e-01
2.695227265357971191e-01
2.670789361000061035e-01
2.723766267299652100e-01
2.750169038772583008e-01
2.642181813716888428e-01
2.590715587139129639e-01
2.557741403579711914e-01
2.655818164348602295e-01
2.805441319942474365e-01
2.647553980350494385e-01
2.567531168460845947e-01
2.616568207740783691e-01
2.650394141674041748e-01
2.628020942211151123e-01
2.596286237239837646e-01
2.604728639125823975e-01
2.633563578128814697e-01
2.685539126396179199e-01
2.700316607952117920e-01
2.662595808506011963e-01
2.814038693904876709e-01
2.616635859012603760e-01
2.570752799510955811e-01
2.612124383449554443e-01
2.580021917819976807e-01
2.642422616481781006e-01
2.545847594738006592e-01
2.579249143600463867e-01
2.782726287841796875e-01
2.506327331066131592e-01
2.579921185970306396e-01
2.564111649990081787e-01
2.720244228839874268e-01
2.616496086120605469e-01
2.695565819740295410e-01
2.681569755077362061e-01
2.661487758159637451e-01
2.590902745723724365e-01
2.734782099723815918e-01
2.515531182289123535e-01
2.637676596641540527e-01
2.618618011474609375e-01
2.589792907238006592e-01
2.578581273555755615e-01
2.616551816463470459e-01
2.629555165767669678e-01
2.717206478118896484e-01
2.505518496036529541e-01
2.514787018299102783e-01
2.629621922969818115e-01
2.782189548015594482e-01
2.572404742240905762e-01
2.622680366039276123e-01
2.656268775463104248e-01
2.600904107093811035e-01
2.549230754375457764e-01
2.634918987751007080e-01
2.573434412479400635e-01
2.598055899143218994e-01
2.793769538402557373e-01
2.651352286338806152e-01
2.562634050846099854e-01
2.622857689857482910e-01
2.678472101688385010e-01
2.670723199844360352e-01
2.586427330970764160e-01
2.643011212348937988e-01
2.680972814559936523e-01
2.644259333610534668e-01
