7.472576498985290527e-01
7.123422622680664062e-01
6.836766600608825684e-01
6.640550494194030762e-01
6.442038416862487793e-01
6.376288533210754395e-01
6.144396066665649414e-01
5.876048803329467773e-01
5.829404592514038086e-01
5.815036892890930176e-01
5.671331882476806641e-01
5.498248338699340820e-01
5.364662408828735352e-01
5.377170443534851074e-01
5.330883264541625977e-01
5.452556610107421875e-01
5.354130864143371582e-01
4.962554574012756348e-01
5.022243857383728027e-01
5.018395781517028809e-01
4.871602058410644531e-01
4.841713607311248779e-01
4.851507246494293213e-01
5.059572458267211914e-01
4.896161556243896484e-01
4.755297303199768066e-01
4.633759558200836182e-01
4.669272601604461670e-01
4.690623879432678223e-01
4.579418301582336426e-01
4.584104716777801514e-01
4.491199553012847900e-01
4.656411111354827881e-01
4.534645676612854004e-01
4.517211616039276123e-01
4.355089664459228516e-01
4.426656663417816162e-01
4.719296395778656006e-01
4.299018979072570801e-01
4.470407962799072266e-01
4.340510070323944092e-01
4.392768442630767822e-01
4.235896766185760498e-01
4.304148852825164795e-01
4.194447696208953857e-01
4.040226936340332031e-01
4.107564091682434082e-01
4.070866703987121582e-01
4.194011390209197998e-01
4.269297122955322266e-01
4.089691340923309326e-01
3.982205390930175781e-01
4.229900836944580078e-01
4.604174792766571045e-01
4.009509086608886719e-01
4.061070084571838379e-01
4.102199673652648926e-01
4.010042846202850342e-01
4.369255602359771729e-01
3.961734473705291748e-01
3.877625167369842529e-01
4.008133113384246826e-01
3.885589540004730225e-01
3.941534459590911865e-01
3.972023129463195801e-01
4.150998294353485107e-01
4.129819869995117188e-01
4.077450931072235107e-01
3.969087898731231689e-01
3.794618844985961914e-01
3.884041905403137207e-01
3.927280902862548828e-01
4.238182008266448975e-01
3.839391171932220459e-01
3.692089021205902100e-01
3.976090848445892334e-01
4.051377773284912109e-01
3.745478093624114990e-01
4.452714920043945312e-01
3.760992288589477539e-01
3.766705691814422607e-01
3.982666730880737305e-01
3.708789348602294922e-01
3.639692068099975586e-01
3.795193731784820557e-01
3.829934298992156982e-01
4.278305172920227051e-01
3.708078563213348389e-01
3.954521119594573975e-01
3.715772926807403564e-01
4.033522605895996094e-01
3.920026421546936035e-01
3.626248240470886230e-01
3.729012906551361084e-01
3.740943372249603271e-01
3.670061528682708740e-01
3.800011277198791504e-01
3.550802767276763916e-01
3.670425713062286377e-01
3.654451966285705566e-01
3.863701522350311279e-01
3.979387283325195312e-01
3.905282914638519287e-01
3.754157125949859619e-01
3.566326797008514404e-01
3.711225092411041260e-01
3.623135983943939209e-01
3.687243759632110596e-01
3.608461320400238037e-01
3.490531146526336670e-01
3.631850481033325195e-01
3.753636181354522705e-01
3.838879764080047607e-01
3.815048635005950928e-01
3.739112913608551025e-01
3.593936562538146973e-01
3.479968607425689697e-01
3.540292680263519287e-01
3.537741601467132568e-01
3.706488013267517090e-01
3.666518032550811768e-01
3.504438102245330811e-01
3.447930812835693359e-01
3.523798584938049316e-01
3.653349876403808594e-01
3.514104783535003662e-01
3.463335931301116943e-01
3.596597313880920410e-01
3.442077636718750000e-01
3.499969840049743652e-01
3.564507067203521729e-01
3.590049147605895996e-01
3.394663035869598389e-01
3.407791852951049805e-01
3.630689084529876709e-01
3.388519287109375000e-01
3.446522653102874756e-01
3.434535264968872070e-01
3.521280884742736816e-01
3.554962277412414551e-01
3.409782946109771729e-01
3.670150935649871826e-01
3.785331249237060547e-01
3.467757403850555420e-01
3.395106494426727295e-01
3.593179285526275635e-01
3.481269776821136475e-01
3.404504954814910889e-01
3.594375848770141602e-01
3.384846150875091553e-01
3.456102311611175537e-01
3.615293502807617188e-01
3.602364957332611084e-01
3.367802202701568604e-01
3.447685837745666504e-01
3.454831242561340332e-01
3.435673117637634277e-01
3.346873521804809570e-01
3.394906222820281982e-01
3.382363915443420410e-01
3.393001258373260498e-01
3.577690720558166504e-01
3.329679965972900391e-01
3.302516043186187744e-01
3.541165292263031006e-01
3.891162574291229248e-01
3.484825789928436279e-01
3.289069831371307373e-01
3.279953896999359131e-01
3.392025828361511230e-01
3.388874530792236328e-01
3.505212664604187012e-01
3.476659059524536133e-01
3.324986398220062256e-01
3.354947865009307861e-01
3.632192313671112061e-01
3.289478719234466553e-01
3.272654116153717041e-01
3.333452045917510986e-01
3.246894478797912598e-01
3.280549347400665283e-01
3.476509153842926025e-01
3.155208826065063477e-01
3.330609500408172607e-01
3.386580348014831543e-01
3.445528149604797363e-01
3.271511197090148926e-01
3.612964749336242676e-01
3.308496773242950439e-01
3.444155156612396240e-01
3.846019804477691650e-01
3.358959853649139404e-01
3.435291945934295654e-01
3.359611034393310547e-01
3.220292031764984131e-01
3.175576329231262207e-01
3.261357247829437256e-01
3.560367524623870850e-01
3.336732983589172363e-01
3.445392549037933350e-01
3.450096547603607178e-01
3.737574517726898193e-01
3.358719348907470703e-01
3.259420990943908691e-01
3.204483389854431152e-01
3.310005068778991699e-01
3.346132338047027588e-01
3.253704607486724854e-01
3.169427216053009033e-01
3.280274868011474609e-01
3.253891170024871826e-01
3.501043021678924561e-01
3.404234945774078369e-01
3.237604796886444092e-01
3.178122937679290771e-01
3.240795433521270752e-01
3.202107548713684082e-01
3.333991765975952148e-01
3.290539681911468506e-01
3.587886393070220947e-01
3.253675401210784912e-01
3.293165862560272217e-01
3.341653048992156982e-01
3.422951698303222656e-01
3.278495669364929199e-01
3.275023400783538818e-01
3.410331308841705322e-01
3.208837509155273438e-01
3.436802029609680176e-01
3.219947814941406250e-01
3.231245577335357666e-01
3.453922569751739502e-01
3.143748342990875244e-01
3.212200701236724854e-01
3.343422114849090576e-01
3.219512999057769775e-01
3.232355117797851562e-01
3.324779570102691650e-01
3.160294592380523682e-01
3.274587988853454590e-01
3.447606265544891357e-01
3.088273704051971436e-01
3.218420445919036865e-01
3.170836567878723145e-01
3.173409402370452881e-01
3.315673172473907471e-01
3.266632258892059326e-01
3.219793438911437988e-01
3.128099143505096436e-01
3.574072122573852539e-01
3.052211105823516846e-01
3.154904842376708984e-01
3.327587246894836426e-01
3.152556121349334717e-01
3.298639953136444092e-01
3.148642480373382568e-01
3.332168459892272949e-01
3.090771138668060303e-01
3.163435161113739014e-01
3.261330127716064453e-01
3.276858031749725342e-01
3.283271789550781250e-01
3.207934796810150146e-01
3.338205516338348389e-01
3.138455450534820557e-01
3.373902440071105957e-01
3.416929543018341064e-01
3.138568401336669922e-01
3.294078409671783447e-01
3.117333948612213135e-01
3.084016740322113037e-01
3.213760256767272949e-01
3.284195959568023682e-01
3.182127177715301514e-01
3.158260285854339600e-01
3.144340217113494873e-01
3.056920766830444336e-01
3.155192136764526367e-01
3.223936557769775391e-01
3.251365125179290771e-01
3.181178271770477295e-01
3.176554739475250244e-01
3.131522834300994873e-01
3.208546340465545654e-01
3.187386095523834229e-01
3.045688271522521973e-01
3.571523129940032959e-01
3.136212825775146484e-01
3.454613387584686279e-01
3.153315484523773193e-01
3.161073029041290283e-01
3.183103501796722412e-01
3.176353275775909424e-01
3.213691711425781250e-01
3.173450231552124023e-01
3.113408982753753662e-01
3.591591417789459229e-01
3.174405395984649658e-01
3.291983306407928467e-01
3.042712211608886719e-01
3.231918215751647949e-01
3.138100504875183105e-01
3.108967840671539307e-01
3.028415143489837646e-01
3.128080368041992188e-01
3.155281543731689453e-01
3.588466346263885498e-01
3.015864789485931396e-01
3.064893782138824463e-01
3.216839730739593506e-01
3.307502865791320801e-01
3.214458525180816650e-01
3.345158398151397705e-01
3.364455997943878174e-01
3.282083868980407715e-01
3.093045949935913086e-01
3.254183530807495117e-01
3.150401413440704346e-01
3.179419636726379395e-01
3.207387030124664307e-01
3.261458873748779297e-01
3.178343474864959717e-01
3.219870924949645996e-01
3.234013617038726807e-01
3.142783343791961670e-01
3.128836452960968018e-01
3.011619746685028076e-01
3.133660256862640381e-01
3.016503155231475830e-01
3.249331414699554443e-01
3.344235122203826904e-01
2.992398440837860107e-01
3.042140007019042969e-01
2.975336015224456787e-01
3.248119950294494629e-01
3.062008023262023926e-01
3.032275140285491943e-01
3.086962401866912842e-01
3.407039642333984375e-01
3.189861178398132324e-01
3.319525122642517090e-01
3.179585337638854980e-01
2.971253991127014160e-01
3.083697855472564697e-01
3.074145615100860596e-01
3.584925830364227295e-01
3.231954276561737061e-01
3.172082901000976562e-01
3.306199014186859131e-01
3.079396188259124756e-01
3.319490849971771240e-01
3.134202659130096436e-01
3.184716701507568359e-01
3.089224994182586670e-01
3.241125047206878662e-01
3.072265684604644775e-01
3.219835460186004639e-01
3.495227396488189697e-01
3.152450025081634521e-01
2.973004281520843506e-01
3.055119812488555908e-01
3.090185821056365967e-01
3.111654222011566162e-01
3.067466020584106445e-01
3.025667667388916016e-01
3.048248291015625000e-01
2.994754314422607422e-01
3.050534427165985107e-01
3.201049268245697021e-01
3.148763179779052734e-01
3.338282108306884766e-01
3.244169354438781738e-01
3.119566738605499268e-01
3.264365792274475098e-01
3.031027019023895264e-01
3.121696412563323975e-01
3.134416043758392334e-01
3.027532100677490234e-01
3.053531944751739502e-01
3.051392734050750732e-01
3.106940388679504395e-01
3.063129484653472900e-01
3.139873445034027100e-01
3.029383122920989990e-01
3.092993497848510742e-01
3.227504193782806396e-01
3.012484014034271240e-01
2.981482446193695068e-01
3.302343785762786865e-01
3.001984059810638428e-01
3.130690157413482666e-01
3.225134015083312988e-01
3.130801916122436523e-01
3.017709851264953613e-01
3.101537227630615234e-01
3.024938106536865234e-01
3.104186356067657471e-01
3.093719184398651123e-01
3.041905462741851807e-01
3.354165256023406982e-01
3.249367177486419678e-01
3.013712465763092041e-01
3.069784343242645264e-01
3.143981397151947021e-01
3.100812137126922607e-01
3.040230274200439453e-01
3.019686341285705566e-01
2.945835292339324951e-01
3.139305710792541504e-01
3.065224587917327881e-01
3.068023324012756348e-01
2.939324975013732910e-01
3.184170722961425781e-01
3.004565238952636719e-01
2.908446490764617920e-01
3.021021187305450439e-01
3.132205903530120850e-01
3.136942088603973389e-01
2.995505034923553467e-01
3.012638092041015625e-01
3.007846474647521973e-01
3.019359707832336426e-01
3.481779098510742188e-01
3.014355003833770752e-01
3.013483285903930664e-01
3.145583570003509521e-01
3.127270638942718506e-01
3.009359836578369141e-01
3.359065055847167969e-01
3.038725852966308594e-01
2.991366982460021973e-01
3.214903771877288818e-01
3.050397932529449463e-01
3.132432401180267334e-01
3.012708127498626709e-01
3.062775731086730957e-01
2.931537628173828125e-01
3.008743226528167725e-01
3.182164430618286133e-01
2.943262755870819092e-01
2.955691516399383545e-01
3.058163821697235107e-01
3.136689960956573486e-01
2.953843772411346436e-01
3.339965641498565674e-01
3.358061313629150391e-01
3.065471351146697998e-01
3.197573125362396240e-01
3.208451569080352783e-01
3.092933595180511475e-01
2.965929508209228516e-01
3.011567592620849609e-01
3.267629146575927734e-01
3.080306649208068848e-01
3.418394029140472412e-01
3.044456541538238525e-01
3.061684072017669678e-01
3.308519721031188965e-01
3.024904727935791016e-01
3.162541985511779785e-01
2.951970994472503662e-01
3.005769848823547363e-01
3.086197972297668457e-01
3.116695582866668701e-01
3.008292615413665771e-01
2.985574007034301758e-01
3.002840876579284668e-01
2.904091477394104004e-01
2.885820269584655762e-01
2.976777255535125732e-01
3.053826391696929932e-01
2.869741916656494141e-01
3.004517257213592529e-01
3.239795267581939697e-01
2.893376946449279785e-01
3.438178598880767822e-01
3.205113112926483154e-01
2.933702170848846436e-01
2.964470982551574707e-01
2.986354231834411621e-01
2.981993854045867920e-01
2.879446446895599365e-01
2.988950312137603760e-01
3.019770085811614990e-01
3.367958068847656250e-01
2.985044419765472412e-01
3.163646459579467773e-01
2.926762998104095459e-01
2.921829223632812500e-01
3.045352399349212646e-01
2.976181209087371826e-01
3.106180727481842041e-01
3.029596507549285889e-01
3.165061473846435547e-01
3.201882541179656982e-01
2.950866222381591797e-01
2.898454368114471436e-01
2.969487607479095459e-01
2.963574528694152832e-01
3.065853714942932129e-01
3.068945109844207764e-01
3.271314203739166260e-01
2.921997606754302979e-01
3.254944384098052979e-01
3.249216079711914062e-01
2.951532304286956787e-01
2.907264530658721924e-01
2.948624193668365479e-01
3.213833868503570557e-01
2.889518141746520996e-01
2.973716259002685547e-01
3.344495296478271484e-01
2.991399765014648438e-01
2.933398783206939697e-01
3.469797074794769287e-01
3.051914870738983154e-01
3.056105971336364746e-01
3.015687167644500732e-01
3.107896745204925537e-01
3.054500520229339600e-01
2.951098978519439697e-01
3.174016475677490234e-01
2.920787036418914795e-01
2.980948090553283691e-01
3.450150191783905029e-01
2.876729667186737061e-01
3.064835667610168457e-01
3.150863349437713623e-01
3.016245067119598389e-01
2.943384051322937012e-01
2.942452430725097656e-01
3.166525065898895264e-01
3.070915043354034424e-01
3.047099709510803223e-01
3.019231259822845459e-01
2.986316084861755371e-01
3.041445314884185791e-01
3.035109043121337891e-01
2.963344156742095947e-01
2.948925197124481201e-01
3.110865652561187744e-01
3.081667423248291016e-01
3.143362104892730713e-01
2.950935065746307373e-01
3.074573576450347900e-01
2.947657108306884766e-01
2.897141873836517334e-01
3.073461055755615234e-01
3.302341103553771973e-01
2.893415987491607666e-01
2.968878746032714844e-01
2.991250157356262207e-01
2.911992669105529785e-01
2.996574044227600098e-01
2.981698513031005859e-01
2.881340980529785156e-01
2.959796190261840820e-01
3.092977106571197510e-01
3.054056763648986816e-01
2.912527620792388916e-01
3.053669631481170654e-01
2.907682359218597412e-01
3.003930747509002686e-01
3.001230657100677490e-01
2.834497690200805664e-01
2.981228232383728027e-01
2.923498153686523438e-01
2.975265681743621826e-01
3.110085427761077881e-01
2.930866181850433350e-01
3.164981603622436523e-01
3.002918362617492676e-01
3.020906448364257812e-01
2.963342666625976562e-01
2.866851687431335449e-01
3.061289191246032715e-01
3.064894378185272217e-01
3.100011050701141357e-01
2.903701961040496826e-01
3.059925734996795654e-01
2.884536683559417725e-01
2.905947268009185791e-01
3.182209432125091553e-01
3.020126521587371826e-01
2.892153859138488770e-01
2.906808555126190186e-01
2.982364594936370850e-01
2.884611487388610840e-01
2.896015048027038574e-01
2.968584597110748291e-01
3.000760972499847412e-01
2.946612834930419922e-01
2.890564501285552979e-01
2.916538417339324951e-01
2.828543186187744141e-01
2.919873893260955811e-01
3.217458724975585938e-01
3.223479390144348145e-01
2.994213104248046875e-01
2.866830527782440186e-01
2.957690656185150146e-01
3.440057039260864258e-01
3.144260644912719727e-01
3.154149055480957031e-01
2.969771325588226318e-01
3.150512278079986572e-01
2.984411418437957764e-01
2.970224022865295410e-01
2.988296449184417725e-01
2.918501496315002441e-01
2.952639758586883545e-01
2.980683743953704834e-01
2.965832650661468506e-01
2.981493175029754639e-01
2.862363457679748535e-01
2.987640798091888428e-01
3.125468194484710693e-01
2.899816334247589111e-01
3.131006658077239990e-01
2.869551777839660645e-01
3.303295671939849854e-01
3.060898780822753906e-01
2.998182475566864014e-01
2.863286137580871582e-01
2.950747907161712646e-01
3.024336993694305420e-01
3.027860820293426514e-01
2.865757942199707031e-01
3.155856430530548096e-01
2.897427976131439209e-01
2.940463125705718994e-01
3.038322925567626953e-01
3.185490667819976807e-01
2.944943606853485107e-01
2.881921231746673584e-01
3.091533780097961426e-01
2.963906526565551758e-01
3.355100750923156738e-01
2.899872958660125732e-01
2.965249121189117432e-01
2.874256074428558350e-01
2.883603274822235107e-01
3.032999634742736816e-01
3.191831707954406738e-01
2.859180867671966553e-01
2.899612486362457275e-01
3.000992834568023682e-01
2.921114861965179443e-01
2.876365184783935547e-01
2.936196029186248779e-01
2.880397439002990723e-01
3.020751178264617920e-01
3.191088140010833740e-01
2.935828864574432373e-01
3.129355609416961670e-01
2.815209329128265381e-01
3.062024414539337158e-01
2.953301370143890381e-01
3.043139874935150146e-01
2.975380718708038330e-01
3.091414272785186768e-01
2.897532582283020020e-01
3.372915685176849365e-01
3.385412096977233887e-01
2.950379550457000732e-01
3.217881619930267334e-01
2.974035441875457764e-01
2.918006479740142822e-01
2.900983989238739014e-01
3.300665318965911865e-01
3.011854588985443115e-01
3.005152940750122070e-01
2.888251841068267822e-01
2.923608422279357910e-01
2.905550599098205566e-01
2.936112582683563232e-01
2.913475036621093750e-01
2.838628292083740234e-01
2.986709177494049072e-01
2.915532290935516357e-01
2.790055871009826660e-01
2.930598855018615723e-01
2.863728106021881104e-01
3.258223831653594971e-01
2.905882000923156738e-01
3.026812970638275146e-01
2.913904786109924316e-01
3.067966699600219727e-01
2.821627855300903320e-01
2.911099493503570557e-01
3.071799874305725098e-01
2.862618267536163330e-01
2.878555953502655029e-01
2.966484725475311279e-01
2.829488813877105713e-01
2.858564257621765137e-01
2.918163836002349854e-01
2.940608561038970947e-01
3.149983584880828857e-01
3.078705966472625732e-01
2.942005097866058350e-01
2.857880592346191406e-01
2.957825362682342529e-01
3.068599700927734375e-01
2.945571839809417725e-01
2.894719541072845459e-01
2.861928343772888184e-01
2.890600264072418213e-01
2.903023660182952881e-01
2.845204472541809082e-01
3.167720735073089600e-01
2.799371778964996338e-01
2.919466197490692139e-01
2.797067165374755859e-01
3.012576997280120850e-01
3.047263324260711670e-01
2.764956057071685791e-01
3.021301329135894775e-01
3.047141730785369873e-01
3.017680644989013672e-01
3.096942901611328125e-01
3.014591336250305176e-01
2.880787849426269531e-01
2.786692678928375244e-01
2.980913817882537842e-01
2.883472144603729248e-01
2.866029441356658936e-01
2.925899922847747803e-01
2.966294586658477783e-01
3.128392696380615234e-01
3.090510368347167969e-01
2.841882705688476562e-01
3.233110904693603516e-01
2.921468913555145264e-01
3.160455822944641113e-01
3.234519362449645996e-01
2.963821589946746826e-01
2.975035607814788818e-01
2.955629825592041016e-01
3.019765317440032959e-01
2.877441644668579102e-01
2.843167483806610107e-01
2.978298366069793701e-01
2.912142276763916016e-01
2.978851497173309326e-01
3.155636489391326904e-01
3.340347707271575928e-01
3.385101854801177979e-01
3.074963688850402832e-01
2.835994064807891846e-01
2.805986106395721436e-01
2.999405860900878906e-01
2.896620631217956543e-01
3.096575140953063965e-01
3.054051399230957031e-01
2.973958551883697510e-01
3.071140348911285400e-01
2.944339811801910400e-01
2.877891957759857178e-01
2.799798548221588135e-01
2.860444188117980957e-01
2.797820568084716797e-01
2.905842363834381104e-01
2.812348902225494385e-01
2.789177000522613525e-01
2.902769744396209717e-01
2.924011647701263428e-01
2.916853427886962891e-01
2.840639054775238037e-01
2.925641536712646484e-01
2.977527081966400146e-01
2.800126075744628906e-01
2.998290657997131348e-01
2.951359748840332031e-01
3.073155581951141357e-01
3.015012443065643311e-01
2.886144816875457764e-01
3.002296388149261475e-01
2.883510589599609375e-01
3.074176609516143799e-01
3.004148006439208984e-01
2.988846898078918457e-01
2.988356649875640869e-01
2.828909456729888916e-01
2.853325009346008301e-01
2.821394503116607666e-01
2.915366590023040771e-01
2.995865643024444580e-01
3.064868152141571045e-01
2.974468171596527100e-01
2.823720872402191162e-01
2.771846055984497070e-01
2.742122113704681396e-01
3.081950247287750244e-01
2.771354317665100098e-01
2.857683897018432617e-01
3.078271746635437012e-01
2.889144122600555420e-01
2.862094342708587646e-01
2.801135778427124023e-01
3.141615390777587891e-01
2.959199845790863037e-01
2.875410020351409912e-01
2.966140210628509521e-01
2.847168147563934326e-01
2.773988544940948486e-01
2.860187888145446777e-01
3.077187836170196533e-01
3.852094709873199463e-01
2.906832993030548096e-01
2.891931533813476562e-01
2.877452075481414795e-01
2.954016625881195068e-01
2.936707437038421631e-01
2.996095120906829834e-01
2.793431878089904785e-01
2.933132350444793701e-01
2.976389527320861816e-01
3.005409836769104004e-01
2.845952510833740234e-01
3.064034581184387207e-01
2.848138511180877686e-01
2.867529094219207764e-01
3.161884248256683350e-01
2.756482362747192383e-01
2.958147525787353516e-01
2.829994857311248779e-01
2.735723555088043213e-01
2.836994230747222900e-01
2.996107637882232666e-01
3.004491031169891357e-01
2.937128543853759766e-01
3.044357597827911377e-01
2.792750298976898193e-01
2.753010392189025879e-01
2.782686352729797363e-01
2.749088704586029053e-01
2.801956832408905029e-01
2.874877154827117920e-01
3.246996700763702393e-01
2.751402556896209717e-01
3.079749047756195068e-01
2.851406633853912354e-01
2.948817312717437744e-01
2.816737592220306396e-01
2.804506719112396240e-01
3.050269186496734619e-01
2.965552806854248047e-01
2.969940602779388428e-01
3.032359778881072998e-01
3.210793137550354004e-01
2.806343138217926025e-01
2.833008766174316406e-01
2.945247590541839600e-01
3.175751566886901855e-01
2.912759482860565186e-01
2.957831025123596191e-01
2.857149541378021240e-01
2.892828583717346191e-01
2.864634096622467041e-01
2.936544120311737061e-01
2.884596288204193115e-01
2.801034450531005859e-01
2.907571196556091309e-01
2.979271113872528076e-01
3.101118505001068115e-01
2.931900918483734131e-01
2.836608886718750000e-01
2.884670495986938477e-01
2.913493216037750244e-01
2.934074103832244873e-01
2.919182479381561279e-01
2.887104451656341553e-01
3.014955520629882812e-01
2.812770307064056396e-01
2.985078394412994385e-01
2.982665598392486572e-01
2.880233228206634521e-01
2.756167650222778320e-01
2.845088243484497070e-01
2.773312628269195557e-01
2.819339334964752197e-01
2.794286906719207764e-01
2.840801775455474854e-01
2.880717515945434570e-01
3.610781133174896240e-01
2.880027294158935547e-01
2.982014715671539307e-01
2.906531393527984619e-01
2.909400761127471924e-01
3.031024634838104248e-01
2.856579720973968506e-01
3.014551103115081787e-01
2.760910093784332275e-01
2.971990108489990234e-01
2.791415750980377197e-01
2.904495298862457275e-01
2.788545191287994385e-01
3.148872554302215576e-01
2.940099239349365234e-01
2.877283096313476562e-01
2.811661362648010254e-01
2.894767522811889648e-01
2.847986221313476562e-01
2.835150957107543945e-01
2.807486653327941895e-01
3.076466023921966553e-01
2.764599025249481201e-01
2.822127342224121094e-01
2.917768061161041260e-01
2.772697806358337402e-01
2.830080687999725342e-01
2.893446087837219238e-01
2.816453576087951660e-01
2.817305028438568115e-01
2.921727895736694336e-01
2.998146116733551025e-01
2.799517810344696045e-01
2.740560770034790039e-01
3.487457334995269775e-01
2.739091813564300537e-01
2.853977382183074951e-01
2.875636518001556396e-01
2.887288033962249756e-01
2.868439555168151855e-01
2.974768280982971191e-01
2.927375733852386475e-01
2.962253391742706299e-01
2.827176451683044434e-01
3.131391108036041260e-01
2.908950448036193848e-01
2.706387639045715332e-01
2.833935916423797607e-01
2.780581414699554443e-01
2.887503802776336670e-01
2.925048172473907471e-01
2.816902697086334229e-01
3.131348788738250732e-01
2.855901420116424561e-01
2.865168750286102295e-01
2.878982126712799072e-01
3.019100725650787354e-01
2.699261903762817383e-01
3.193905353546142578e-01
2.892116010189056396e-01
2.845072448253631592e-01
3.012481331825256348e-01
2.837493419647216797e-01
2.886514663696289062e-01
3.001878857612609863e-01
2.887733578681945801e-01
2.909683883190155029e-01
2.809439599514007568e-01
2.973125576972961426e-01
2.965850532054901123e-01
2.971480786800384521e-01
2.964077889919281006e-01
2.877028286457061768e-01
2.876225113868713379e-01
2.898218929767608643e-01
2.944557666778564453e-01
2.879300713539123535e-01
2.892229557037353516e-01
2.899610698223114014e-01
2.808559834957122803e-01
2.753481268882751465e-01
2.938985824584960938e-01
2.934402823448181152e-01
3.324626386165618896e-01
2.847798466682434082e-01
3.101235330104827881e-01
2.879368364810943604e-01
2.957696616649627686e-01
2.937383949756622314e-01
2.898622453212738037e-01
2.865191400051116943e-01
2.965880036354064941e-01
2.828024029731750488e-01
2.720375061035156250e-01
2.796926200389862061e-01
2.958837449550628662e-01
2.902853190898895264e-01
2.768337726593017578e-01
2.723641097545623779e-01
2.818652689456939697e-01
2.852118015289306641e-01
2.841356992721557617e-01
2.817866504192352295e-01
2.739155292510986328e-01
2.752397060394287109e-01
3.105569779872894287e-01
2.790333628654479980e-01
2.906847298145294189e-01
2.939435839653015137e-01
2.994895577430725098e-01
2.812058627605438232e-01
2.977618873119354248e-01
2.790187001228332520e-01
2.790113091468811035e-01
2.829765379428863525e-01
2.724893987178802490e-01
3.281135261058807373e-01
2.944644093513488770e-01
2.777988314628601074e-01
2.813383936882019043e-01
2.964173257350921631e-01
2.781432569026947021e-01
2.873443067073822021e-01
3.074054419994354248e-01
2.807218730449676514e-01
2.829115390777587891e-01
2.994585335254669189e-01
2.782664895057678223e-01
2.863996922969818115e-01
2.837208807468414307e-01
2.853375673294067383e-01
2.914626598358154297e-01
2.801665365695953369e-01
3.117530941963195801e-01
2.919379770755767822e-01
2.779467105865478516e-01
2.904265224933624268e-01
2.958622872829437256e-01
2.760194838047027588e-01
3.077226579189300537e-01
2.891316413879394531e-01
2.900223731994628906e-01
2.909810543060302734e-01
2.793325185775756836e-01
2.923184335231781006e-01
2.869579493999481201e-01
3.276036679744720459e-01
2.889601886272430420e-01
2.875156402587890625e-01
2.903645932674407959e-01
2.844038307666778564e-01
2.857501804828643799e-01
2.830768525600433350e-01
2.895180284976959229e-01
2.746396660804748535e-01
3.059947788715362549e-01
2.964223921298980713e-01
2.943125367164611816e-01
3.236872851848602295e-01
2.883554399013519287e-01
3.034711182117462158e-01
2.752833068370819092e-01
2.864333987236022949e-01
2.718354165554046631e-01
2.849151790142059326e-01
2.988080084323883057e-01
2.701624035835266113e-01
2.948770523071289062e-01
2.776347398757934570e-01
2.930622100830078125e-01
2.737919390201568604e-01
3.040593564510345459e-01
3.158333897590637207e-01
2.807540893554687500e-01
2.746646106243133545e-01
2.776070833206176758e-01
3.057972192764282227e-01
2.843478322029113770e-01
2.905605733394622803e-01
2.775800228118896484e-01
2.979999482631683350e-01
2.966159284114837646e-01
2.782258391380310059e-01
2.763185203075408936e-01
2.891819477081298828e-01
2.809693217277526855e-01
2.776338160037994385e-01
2.787125110626220703e-01
2.745024263858795166e-01
2.835744023323059082e-01
2.994026243686676025e-01
2.851946055889129639e-01
2.804439961910247803e-01
2.871446013450622559e-01
2.656071186065673828e-01
3.140959441661834717e-01
2.726558744907379150e-01
2.793028950691223145e-01
2.912151515483856201e-01
2.780928313732147217e-01
2.734664976596832275e-01
2.750753164291381836e-01
2.907399833202362061e-01
2.770213782787322998e-01
2.881949245929718018e-01
3.062850534915924072e-01
2.815312147140502930e-01
2.822825610637664795e-01
2.897127568721771240e-01
2.959198653697967529e-01
3.171595036983489990e-01
3.057640492916107178e-01
2.830992639064788818e-01
2.819268405437469482e-01
2.992957532405853271e-01
3.118899166584014893e-01
2.991930544376373291e-01
2.785880565643310547e-01
3.066721558570861816e-01
2.822777330875396729e-01
3.242753148078918457e-01
2.829750478267669678e-01
2.849250733852386475e-01
2.769072651863098145e-01
3.048472106456756592e-01
2.772462964057922363e-01
2.717619538307189941e-01
2.846452891826629639e-01
2.873637080192565918e-01
2.953281402587890625e-01
2.911604940891265869e-01
2.931789159774780273e-01
2.890232503414154053e-01
2.775938212871551514e-01
3.002204596996307373e-01
2.690679132938385010e-01
2.756585776805877686e-01
2.783289849758148193e-01
3.143738210201263428e-01
2.820399701595306396e-01
2.779590189456939697e-01
2.746213972568511963e-01
2.880691587924957275e-01
2.891343533992767334e-01
2.907592058181762695e-01
3.102488219738006592e-01
2.727244794368743896e-01
2.828623950481414795e-01
2.764523625373840332e-01
2.884679436683654785e-01
2.842699289321899414e-01
2.757086753845214844e-01
2.842609584331512451e-01
2.734299898147583008e-01
2.939407527446746826e-01
2.792290151119232178e-01
3.035158812999725342e-01
2.894704341888427734e-01
2.774726152420043945e-01
2.784529626369476318e-01
3.014374673366546631e-01
2.732084691524505615e-01
2.805565297603607178e-01
2.788737714290618896e-01
2.760555446147918701e-01
2.886964380741119385e-01
2.804492413997650146e-01
2.768308818340301514e-01
3.130138814449310303e-01
2.838281095027923584e-01
2.954913079738616943e-01
2.825909554958343506e-01
2.825687825679779053e-01
3.029389083385467529e-01
2.990636825561523438e-01
2.775592505931854248e-01
3.190998136997222900e-01
2.882115840911865234e-01
3.094438016414642334e-01
2.738799750804901123e-01
3.066259026527404785e-01
2.846771776676177979e-01
2.838596999645233154e-01
2.882507741451263428e-01
2.901560366153717041e-01
2.888107299804687500e-01
2.890972197055816650e-01
3.031609356403350830e-01
2.762566208839416504e-01
2.800831496715545654e-01
2.753603756427764893e-01
2.875191867351531982e-01
3.063850104808807373e-01
2.765522301197052002e-01
2.745659649372100830e-01
3.070209622383117676e-01
3.355507254600524902e-01
2.718262374401092529e-01
3.061489164829254150e-01
2.876603603363037109e-01
2.739970386028289795e-01
3.009818196296691895e-01
2.952839732170104980e-01
2.864452004432678223e-01
2.841161191463470459e-01
3.076241910457611084e-01
2.906579077243804932e-01
3.087753951549530029e-01
2.833833694458007812e-01
2.818129956722259521e-01
2.847374975681304932e-01
2.703162133693695068e-01
2.795141637325286865e-01
2.712661027908325195e-01
2.948524951934814453e-01
2.885352373123168945e-01
2.888408601284027100e-01
3.055724501609802246e-01
2.725232243537902832e-01
2.908045947551727295e-01
2.922302186489105225e-01
2.812512516975402832e-01
2.918457686901092529e-01
2.844631671905517578e-01
2.757426798343658447e-01
3.203857839107513428e-01
2.892787754535675049e-01
2.894944548606872559e-01
3.026587069034576416e-01
3.041157722473144531e-01
2.863790690898895264e-01
2.862210273742675781e-01
2.823924720287322998e-01
2.904136776924133301e-01
2.824750542640686035e-01
2.797742784023284912e-01
2.767278850078582764e-01
2.716617286205291748e-01
2.892546355724334717e-01
2.821836471557617188e-01
2.816221714019775391e-01
2.880938649177551270e-01
2.676683068275451660e-01
2.777718305587768555e-01
2.732691764831542969e-01
2.931635677814483643e-01
2.686866223812103271e-01
2.937427163124084473e-01
2.822691500186920166e-01
2.752414643764495850e-01
2.798195481300354004e-01
2.969720065593719482e-01
2.784806787967681885e-01
2.755047380924224854e-01
3.070817589759826660e-01
2.812481820583343506e-01
2.868270874023437500e-01
2.904137074947357178e-01
2.790363430976867676e-01
2.880056500434875488e-01
2.948207557201385498e-01
3.111477792263031006e-01
2.858279645442962646e-01
2.795636653900146484e-01
2.860897481441497803e-01
3.079929053783416748e-01
2.754935622215270996e-01
2.765737175941467285e-01
2.705914676189422607e-01
2.686603963375091553e-01
2.895373404026031494e-01
2.665471136569976807e-01
3.119978010654449463e-01
2.921985387802124023e-01
2.875926196575164795e-01
2.740266919136047363e-01
2.727135121822357178e-01
2.790159285068511963e-01
2.758464813232421875e-01
2.962938845157623291e-01
2.956326305866241455e-01
2.875760793685913086e-01
2.889439761638641357e-01
2.806893289089202881e-01
3.032038211822509766e-01
2.894302010536193848e-01
2.786560654640197754e-01
2.707647979259490967e-01
2.807142138481140137e-01
2.712522447109222412e-01
2.880594134330749512e-01
2.726337015628814697e-01
2.717733085155487061e-01
2.862368524074554443e-01
2.755292654037475586e-01
2.953636348247528076e-01
2.754287719726562500e-01
2.943834662437438965e-01
2.831296920776367188e-01
2.843411564826965332e-01
2.876618504524230957e-01
2.930604815483093262e-01
2.954335808753967285e-01
2.760084867477416992e-01
3.058698177337646484e-01
2.741055786609649658e-01
2.735452950000762939e-01
2.858752906322479248e-01
2.901726365089416504e-01
2.781065106391906738e-01
2.902447581291198730e-01
2.863790392875671387e-01
2.868843972682952881e-01
2.742290198802947998e-01
3.057405650615692139e-01
2.736665904521942139e-01
2.880198657512664795e-01
2.874410748481750488e-01
2.743726372718811035e-01
2.815381884574890137e-01
3.055961430072784424e-01
2.964489161968231201e-01
2.913717031478881836e-01
2.827429473400115967e-01
2.763945758342742920e-01
2.775435149669647217e-01
2.777316272258758545e-01
2.778074443340301514e-01
2.820670604705810547e-01
2.823289334774017334e-01
2.831139862537384033e-01
2.673217058181762695e-01
3.193565309047698975e-01
2.777795791625976562e-01
2.869076728820800781e-01
2.794666588306427002e-01
2.761344611644744873e-01
2.784108221530914307e-01
2.739634215831756592e-01
2.742118537425994873e-01
2.844724953174591064e-01
2.700381875038146973e-01
2.673666477203369141e-01
2.810810506343841553e-01
2.779152989387512207e-01
2.850754857063293457e-01
2.722266018390655518e-01
2.752417027950286865e-01
3.116365075111389160e-01
3.038178086280822754e-01
2.829351425170898438e-01
2.954548001289367676e-01
2.814971506595611572e-01
2.750447392463684082e-01
2.797542810440063477e-01
2.756136953830718994e-01
2.807322144508361816e-01
2.875785529613494873e-01
2.785560786724090576e-01
2.986291348934173584e-01
2.809008061885833740e-01
2.780417501926422119e-01
2.824354767799377441e-01
2.841368615627288818e-01
2.738485038280487061e-01
2.717362344264984131e-01
2.848815619945526123e-01
2.828654348850250244e-01
2.943945825099945068e-01
2.742159068584442139e-01
2.853496968746185303e-01
2.961266636848449707e-01
2.945085167884826660e-01
2.846072912216186523e-01
2.768595516681671143e-01
2.811506390571594238e-01
2.788586318492889404e-01
2.721636295318603516e-01
2.799375355243682861e-01
2.886414527893066406e-01
2.845637500286102295e-01
2.875066995620727539e-01
2.888338565826416016e-01
2.684400677680969238e-01
2.858379781246185303e-01
2.775923907756805420e-01
2.788153588771820068e-01
2.718322277069091797e-01
2.762362062931060791e-01
3.072679936885833740e-01
2.887584865093231201e-01
2.833047807216644287e-01
2.834701538085937500e-01
2.812492549419403076e-01
2.838113903999328613e-01
3.040718138217926025e-01
3.023293912410736084e-01
2.971993088722229004e-01
2.989495396614074707e-01
2.800919115543365479e-01
2.785961329936981201e-01
2.759759426116943359e-01
2.863836884498596191e-01
2.960086464881896973e-01
2.754698693752288818e-01
2.913312017917633057e-01
2.975161969661712646e-01
2.667865753173828125e-01
2.737676203250885010e-01
2.831305265426635742e-01
2.848413288593292236e-01
2.774515748023986816e-01
2.807515561580657959e-01
2.969678938388824463e-01
2.703427672386169434e-01
2.730328440666198730e-01
2.772569656372070312e-01
2.764246463775634766e-01
2.745530605316162109e-01
2.810416817665100098e-01
2.727508246898651123e-01
2.896305322647094727e-01
2.734168767929077148e-01
3.009462058544158936e-01
2.802670001983642578e-01
2.728597223758697510e-01
2.749791741371154785e-01
2.852164208889007568e-01
2.738253176212310791e-01
2.864359319210052490e-01
2.813991904258728027e-01
2.874535620212554932e-01
2.802551984786987305e-01
2.818005681037902832e-01
2.965778708457946777e-01
2.704879343509674072e-01
2.812490463256835938e-01
2.941215932369232178e-01
2.857445180416107178e-01
2.885305583477020264e-01
2.682957351207733154e-01
2.753721177577972412e-01
2.734555304050445557e-01
2.953662276268005371e-01
2.741317451000213623e-01
2.746835649013519287e-01
2.762234807014465332e-01
2.814076244831085205e-01
2.822156548500061035e-01
2.820166051387786865e-01
3.083438873291015625e-01
2.600971758365631104e-01
2.809370458126068115e-01
2.825456559658050537e-01
2.859562933444976807e-01
2.696976363658905029e-01
2.917398512363433838e-01
2.709221839904785156e-01
2.768928110599517822e-01
2.698040008544921875e-01
2.670374214649200439e-01
2.677318751811981201e-01
2.687768340110778809e-01
3.140641152858734131e-01
2.755014598369598389e-01
2.730914056301116943e-01
2.741872966289520264e-01
2.946674823760986328e-01
2.878347039222717285e-01
2.666290998458862305e-01
2.737072110176086426e-01
2.937247455120086670e-01
2.686749994754791260e-01
3.003283441066741943e-01
2.693818509578704834e-01
2.820855081081390381e-01
2.684884071350097656e-01
2.783109843730926514e-01
2.809315621852874756e-01
2.984417974948883057e-01
2.777518033981323242e-01
3.033972978591918945e-01
2.804262340068817139e-01
2.957887053489685059e-01
2.694841623306274414e-01
3.012544810771942139e-01
2.847891449928283691e-01
2.867502272129058838e-01
2.774466574192047119e-01
2.720268368721008301e-01
2.845010757446289062e-01
2.773202955722808838e-01
2.750105559825897217e-01
2.783124148845672607e-01
2.963925898075103760e-01
2.690185606479644775e-01
2.882136106491088867e-01
2.695678174495697021e-01
2.734796702861785889e-01
2.795582711696624756e-01
2.733323276042938232e-01
2.793084084987640381e-01
3.047868311405181885e-01
2.817036509513854980e-01
2.734405100345611572e-01
2.805821299552917480e-01
2.714823186397552490e-01
3.065877854824066162e-01
2.865544259548187256e-01
2.780226767063140869e-01
2.777346074581146240e-01
2.854741513729095459e-01
2.797885835170745850e-01
2.860940098762512207e-01
2.860158979892730713e-01
2.793744206428527832e-01
2.806326448917388916e-01
3.363064229488372803e-01
2.832215428352355957e-01
2.890985906124114990e-01
2.802259027957916260e-01
2.776674032211303711e-01
2.745107710361480713e-01
2.777650952339172363e-01
2.889854609966278076e-01
2.976470887660980225e-01
2.776013016700744629e-01
2.851862013339996338e-01
2.861300408840179443e-01
2.725744843482971191e-01
2.695495784282684326e-01
2.748804986476898193e-01
2.995547950267791748e-01
2.716801762580871582e-01
2.963727414608001709e-01
2.924649417400360107e-01
2.767205834388732910e-01
2.824003696441650391e-01
2.870057523250579834e-01
2.833870649337768555e-01
2.735904753208160400e-01
2.892008721828460693e-01
2.776472568511962891e-01
2.735747694969177246e-01
2.687847316265106201e-01
2.981257438659667969e-01
2.707349359989166260e-01
2.773147523403167725e-01
2.923951148986816406e-01
2.909369468688964844e-01
2.753806114196777344e-01
2.775654196739196777e-01
3.092261552810668945e-01
2.835752069950103760e-01
2.697261273860931396e-01
2.964445054531097412e-01
2.774888575077056885e-01
2.838909029960632324e-01
2.921264767646789551e-01
2.792244851589202881e-01
2.730232179164886475e-01
2.699120044708251953e-01
2.705237865447998047e-01
2.798830270767211914e-01
2.676110863685607910e-01
2.736345231533050537e-01
2.738250792026519775e-01
2.652635574340820312e-01
2.857959270477294922e-01
2.882165610790252686e-01
2.787335813045501709e-01
2.720627784729003906e-01
2.734301984310150146e-01
2.643393576145172119e-01
2.771754264831542969e-01
2.820098400115966797e-01
3.118029236793518066e-01
3.024542927742004395e-01
2.841764390468597412e-01
2.836281657218933105e-01
2.940168082714080811e-01
3.298068344593048096e-01
2.911185622215270996e-01
3.020367324352264404e-01
3.039267957210540771e-01
2.910162806510925293e-01
2.772741913795471191e-01
2.903610169887542725e-01
2.868371009826660156e-01
2.738602161407470703e-01
2.718386352062225342e-01
2.793569564819335938e-01
2.741584777832031250e-01
2.675258219242095947e-01
2.799005508422851562e-01
2.759692668914794922e-01
2.738834321498870850e-01
3.195343315601348877e-01
2.982003688812255859e-01
2.968790531158447266e-01
2.732414305210113525e-01
3.174661397933959961e-01
2.894685864448547363e-01
2.703373730182647705e-01
2.730260193347930908e-01
2.873073518276214600e-01
2.676006257534027100e-01
2.883970439434051514e-01
2.720384299755096436e-01
2.773748338222503662e-01
2.695050835609436035e-01
2.863058745861053467e-01
2.955869436264038086e-01
2.774612605571746826e-01
2.745355069637298584e-01
