6.736058592796325684e-01
6.496531963348388672e-01
6.213542819023132324e-01
6.053431630134582520e-01
5.902647972106933594e-01
5.839361548423767090e-01
5.888323187828063965e-01
5.691952705383300781e-01
5.688635706901550293e-01
5.534804463386535645e-01
5.582943558692932129e-01
5.452856421470642090e-01
5.351142883300781250e-01
5.361734628677368164e-01
5.083563923835754395e-01
5.249794125556945801e-01
5.220984220504760742e-01
4.834377467632293701e-01
4.906638264656066895e-01
4.664518535137176514e-01
4.697018563747406006e-01
4.935417175292968750e-01
4.126141667366027832e-01
4.062844216823577881e-01
4.049751460552215576e-01
4.281821250915527344e-01
4.480566680431365967e-01
3.705362975597381592e-01
4.075365662574768066e-01
4.123179614543914795e-01
3.803931176662445068e-01
3.830458819866180420e-01
3.775123655796051025e-01
3.868643939495086670e-01
3.707168698310852051e-01
3.542123138904571533e-01
3.471125960350036621e-01
4.043431878089904785e-01
3.154234588146209717e-01
3.412956893444061279e-01
3.590065538883209229e-01
4.116213321685791016e-01
3.192067444324493408e-01
3.753396272659301758e-01
3.209840059280395508e-01
3.071155250072479248e-01
3.192669153213500977e-01
3.057430684566497803e-01
3.977702558040618896e-01
3.151489198207855225e-01
3.014925420284271240e-01
3.216914832592010498e-01
3.756448924541473389e-01
3.518390357494354248e-01
3.390653729438781738e-01
3.259930610656738281e-01
3.145326673984527588e-01
3.002056777477264404e-01
2.754693925380706787e-01
3.206064999103546143e-01
2.690976262092590332e-01
2.697127461433410645e-01
2.906341254711151123e-01
2.792963683605194092e-01
2.919374406337738037e-01
2.943986356258392334e-01
2.814275920391082764e-01
3.087284266948699951e-01
2.844306528568267822e-01
3.055103421211242676e-01
2.528038024902343750e-01
2.421366423368453979e-01
3.413887023925781250e-01
2.810583412647247314e-01
2.522412836551666260e-01
2.321480065584182739e-01
3.001902401447296143e-01
2.458542436361312866e-01
2.599066495895385742e-01
2.717379331588745117e-01
2.510039508342742920e-01
2.670268118381500244e-01
2.854159772396087646e-01
2.720815241336822510e-01
2.149184048175811768e-01
3.159752488136291504e-01
2.666577398777008057e-01
2.590555250644683838e-01
2.583544552326202393e-01
2.567718029022216797e-01
2.476244717836380005e-01
2.841626107692718506e-01
2.622500061988830566e-01
2.807275950908660889e-01
2.773320376873016357e-01
3.162967264652252197e-01
2.558392584323883057e-01
2.479299604892730713e-01
2.451289743185043335e-01
3.319704234600067139e-01
3.134812712669372559e-01
2.485807389020919800e-01
2.519276440143585205e-01
2.494884729385375977e-01
2.358938306570053101e-01
2.804417908191680908e-01
2.521680891513824463e-01
2.428390085697174072e-01
3.582612574100494385e-01
3.104088902473449707e-01
2.732019126415252686e-01
2.330315411090850830e-01
2.510429322719573975e-01
2.501156926155090332e-01
2.688501477241516113e-01
2.869126498699188232e-01
2.282480001449584961e-01
2.478509992361068726e-01
2.579050958156585693e-01
2.391627579927444458e-01
2.591619193553924561e-01
2.767108082771301270e-01
2.155612707138061523e-01
2.187052816152572632e-01
2.391583174467086792e-01
1.954945176839828491e-01
2.422987967729568481e-01
2.174791842699050903e-01
2.407601326704025269e-01
2.185168713331222534e-01
2.365460842847824097e-01
2.658458352088928223e-01
2.910797595977783203e-01
2.753000855445861816e-01
2.479616254568099976e-01
2.666732370853424072e-01
2.390823215246200562e-01
2.153968662023544312e-01
2.041817754507064819e-01
2.180327177047729492e-01
2.587752342224121094e-01
2.442395240068435669e-01
2.248264551162719727e-01
2.232350409030914307e-01
1.955180466175079346e-01
2.163316309452056885e-01
1.842007189989089966e-01
2.280520498752593994e-01
2.812736630439758301e-01
2.046451568603515625e-01
2.200371772050857544e-01
2.180834114551544189e-01
2.410849630832672119e-01
2.277354300022125244e-01
2.392875254154205322e-01
1.889466494321823120e-01
2.131898850202560425e-01
2.256645709276199341e-01
2.253821939229965210e-01
1.834698468446731567e-01
2.370213121175765991e-01
2.120673656463623047e-01
2.470812797546386719e-01
2.312655001878738403e-01
2.070028334856033325e-01
1.802590340375900269e-01
2.125667333602905273e-01
2.423714697360992432e-01
1.754464060068130493e-01
1.819689571857452393e-01
2.059131860733032227e-01
2.060983628034591675e-01
1.736461967229843140e-01
2.023084163665771484e-01
2.175778150558471680e-01
1.737310290336608887e-01
2.016921043395996094e-01
2.399050742387771606e-01
2.312129735946655273e-01
2.138451635837554932e-01
2.086151391267776489e-01
2.027285397052764893e-01
1.818037331104278564e-01
1.860726773738861084e-01
1.908858269453048706e-01
1.994816958904266357e-01
1.882197558879852295e-01
2.045853585004806519e-01
2.011493742465972900e-01
1.964065283536911011e-01
2.537847459316253662e-01
2.095743268728256226e-01
2.587329447269439697e-01
1.914756000041961670e-01
1.993884444236755371e-01
2.333870232105255127e-01
2.197585850954055786e-01
2.200022041797637939e-01
1.973430961370468140e-01
1.566663533449172974e-01
1.786262243986129761e-01
1.992497742176055908e-01
2.225410491228103638e-01
1.684198230504989624e-01
2.297638654708862305e-01
2.041777223348617554e-01
1.764946430921554565e-01
2.146869003772735596e-01
2.275312989950180054e-01
2.051040679216384888e-01
1.732117384672164917e-01
1.734815388917922974e-01
1.860712021589279175e-01
1.824752390384674072e-01
1.917142868041992188e-01
1.952154487371444702e-01
2.210488319396972656e-01
1.849930733442306519e-01
1.974141001701354980e-01
1.652482450008392334e-01
1.735899299383163452e-01
1.556334942579269409e-01
2.558321654796600342e-01
1.824983507394790649e-01
2.055924981832504272e-01
2.214722186326980591e-01
1.643771976232528687e-01
1.793723106384277344e-01
1.759401708841323853e-01
1.735074669122695923e-01
1.623638123273849487e-01
1.763330698013305664e-01
1.657843589782714844e-01
1.968776583671569824e-01
1.521006077527999878e-01
1.679337322711944580e-01
1.742855757474899292e-01
1.599890440702438354e-01
1.903317570686340332e-01
1.638443171977996826e-01
1.634894162416458130e-01
1.584293097257614136e-01
1.849323213100433350e-01
1.850683540105819702e-01
1.897110790014266968e-01
1.648023575544357300e-01
1.497304588556289673e-01
1.492666155099868774e-01
1.663158237934112549e-01
2.040848284959793091e-01
1.687234193086624146e-01
1.618515700101852417e-01
1.841496676206588745e-01
1.975762993097305298e-01
1.979279518127441406e-01
1.604186296463012695e-01
1.597344875335693359e-01
1.718902140855789185e-01
1.356510668992996216e-01
1.527001112699508667e-01
1.357166618108749390e-01
1.597540825605392456e-01
1.642836183309555054e-01
1.635701507329940796e-01
1.454108804464340210e-01
1.410736888647079468e-01
1.995674222707748413e-01
1.892977803945541382e-01
1.535001397132873535e-01
1.479290276765823364e-01
1.587307304143905640e-01
1.454159021377563477e-01
1.681327372789382935e-01
1.395864784717559814e-01
1.451460123062133789e-01
1.466166973114013672e-01
2.359765321016311646e-01
1.471931934356689453e-01
1.740250140428543091e-01
2.019703984260559082e-01
1.588691920042037964e-01
1.437555402517318726e-01
1.352022588253021240e-01
1.705710142850875854e-01
1.314847767353057861e-01
1.563497632741928101e-01
1.486040651798248291e-01
1.507741063833236694e-01
1.720539629459381104e-01
1.303144991397857666e-01
1.865452677011489868e-01
1.380718946456909180e-01
1.333861798048019409e-01
1.547114849090576172e-01
1.611943691968917847e-01
1.375225335359573364e-01
1.366843134164810181e-01
1.744985878467559814e-01
1.937331706285476685e-01
1.281357556581497192e-01
1.556477844715118408e-01
1.497368365526199341e-01
1.781285852193832397e-01
1.604357510805130005e-01
1.437413543462753296e-01
1.689453572034835815e-01
1.378480941057205200e-01
1.438667625188827515e-01
1.479870527982711792e-01
1.286801546812057495e-01
1.228483244776725769e-01
1.252687275409698486e-01
1.415002793073654175e-01
1.180902495980262756e-01
1.993662416934967041e-01
1.564471274614334106e-01
1.892002373933792114e-01
1.333041787147521973e-01
1.381883472204208374e-01
1.379535198211669922e-01
1.700077652931213379e-01
1.792842298746109009e-01
1.852645874023437500e-01
1.418658643960952759e-01
1.571781635284423828e-01
1.258023828268051147e-01
1.169737726449966431e-01
1.312619298696517944e-01
1.619336158037185669e-01
1.601348668336868286e-01
1.498541831970214844e-01
1.260797977447509766e-01
1.573729515075683594e-01
1.388101279735565186e-01
1.437116414308547974e-01
1.215593591332435608e-01
1.423728466033935547e-01
1.342184990644454956e-01
1.469787359237670898e-01
1.564110815525054932e-01
1.350216120481491089e-01
1.316871196031570435e-01
1.708976179361343384e-01
1.563887596130371094e-01
1.103813201189041138e-01
1.520530283451080322e-01
1.910090446472167969e-01
1.364103555679321289e-01
1.348407715559005737e-01
1.151710078120231628e-01
1.416123211383819580e-01
1.822810471057891846e-01
1.152277812361717224e-01
1.190071925520896912e-01
1.371931284666061401e-01
1.152962371706962585e-01
1.362915337085723877e-01
1.431559175252914429e-01
1.158646121621131897e-01
1.378211677074432373e-01
1.449578851461410522e-01
1.086434349417686462e-01
1.396086812019348145e-01
1.479843109846115112e-01
1.516430824995040894e-01
1.203690320253372192e-01
1.493916958570480347e-01
1.249638199806213379e-01
1.520351469516754150e-01
1.220343932509422302e-01
1.216720119118690491e-01
1.121808663010597229e-01
1.724498718976974487e-01
2.406326383352279663e-01
1.056297346949577332e-01
1.209291443228721619e-01
1.559560745954513550e-01
1.232054978609085083e-01
1.350784897804260254e-01
1.249918118119239807e-01
1.460295468568801880e-01
1.077154204249382019e-01
1.291986703872680664e-01
1.470963656902313232e-01
1.481360048055648804e-01
1.125547215342521667e-01
1.384682357311248779e-01
1.442644745111465454e-01
1.204715296626091003e-01
1.286335736513137817e-01
1.110556647181510925e-01
1.087433621287345886e-01
1.225842237472534180e-01
1.152174249291419983e-01
1.290276497602462769e-01
1.345158070325851440e-01
1.004293486475944519e-01
1.257078498601913452e-01
1.541607230901718140e-01
1.199924126267433167e-01
1.031369194388389587e-01
1.466436982154846191e-01
1.163908243179321289e-01
1.288472712039947510e-01
1.186842694878578186e-01
1.119339615106582642e-01
1.404321491718292236e-01
1.234429404139518738e-01
1.089130863547325134e-01
1.129692122340202332e-01
1.390377581119537354e-01
1.183302626013755798e-01
1.299801170825958252e-01
1.007023602724075317e-01
1.339614242315292358e-01
1.022467613220214844e-01
1.498642265796661377e-01
1.300704777240753174e-01
1.366061270236968994e-01
1.407700777053833008e-01
1.233230978250503540e-01
1.168499216437339783e-01
1.764675825834274292e-01
9.599837660789489746e-02
1.188909932971000671e-01
1.243291646242141724e-01
1.107269152998924255e-01
1.028328910470008850e-01
9.788531064987182617e-02
1.246775388717651367e-01
1.464046239852905273e-01
1.118375062942504883e-01
1.081215888261795044e-01
1.194189339876174927e-01
1.067132353782653809e-01
9.246452152729034424e-02
1.085786968469619751e-01
9.585738182067871094e-02
1.134487167000770569e-01
1.296622008085250854e-01
1.432631462812423706e-01
1.155482530593872070e-01
8.915472775697708130e-02
9.674835205078125000e-02
1.665255129337310791e-01
1.025805026292800903e-01
1.632014065980911255e-01
1.469081938266754150e-01
1.301656961441040039e-01
1.114471480250358582e-01
1.015187501907348633e-01
1.314000338315963745e-01
1.637297719717025757e-01
1.476388424634933472e-01
9.911834448575973511e-02
1.209143921732902527e-01
1.321616023778915405e-01
1.139476522803306580e-01
1.074586883187294006e-01
9.899996966123580933e-02
1.333014219999313354e-01
1.150225996971130371e-01
1.125014200806617737e-01
1.055248156189918518e-01
1.112757548689842224e-01
1.113285645842552185e-01
1.150076165795326233e-01
9.775445610284805298e-02
1.187086030840873718e-01
1.258194744586944580e-01
1.357574313879013062e-01
1.095585152506828308e-01
1.261027604341506958e-01
1.178135424852371216e-01
1.345866769552230835e-01
1.321797519922256470e-01
1.078412681818008423e-01
1.129570752382278442e-01
1.029364690184593201e-01
1.060846075415611267e-01
1.019123792648315430e-01
1.140723004937171936e-01
1.123948693275451660e-01
1.051999330520629883e-01
1.075384393334388733e-01
1.009959578514099121e-01
9.554566442966461182e-02
1.171809211373329163e-01
1.106571704149246216e-01
1.264531016349792480e-01
1.400286406278610229e-01
9.822878986597061157e-02
9.757615625858306885e-02
1.184469982981681824e-01
1.157669350504875183e-01
9.839538484811782837e-02
9.443049877882003784e-02
8.642642199993133545e-02
1.333187073469161987e-01
9.549146890640258789e-02
1.138459667563438416e-01
1.443945020437240601e-01
8.645097166299819946e-02
9.644059091806411743e-02
1.013045683503150940e-01
1.257107257843017578e-01
9.329975396394729614e-02
9.662703424692153931e-02
1.107200384140014648e-01
1.252847462892532349e-01
9.313571453094482422e-02
1.004572287201881409e-01
1.363556832075119019e-01
1.200938001275062561e-01
1.175539270043373108e-01
8.596047013998031616e-02
1.319148838520050049e-01
9.280235320329666138e-02
1.217505484819412231e-01
1.171580180525779724e-01
1.278418302536010742e-01
9.358622133731842041e-02
1.150985509157180786e-01
1.110657230019569397e-01
9.507062286138534546e-02
1.175363063812255859e-01
1.076777502894401550e-01
8.640456199645996094e-02
1.205700188875198364e-01
1.382335722446441650e-01
1.167470216751098633e-01
1.013897210359573364e-01
9.171137958765029907e-02
1.107654199004173279e-01
1.173068806529045105e-01
1.278325021266937256e-01
1.056523844599723816e-01
8.814737945795059204e-02
9.565787762403488159e-02
9.363962709903717041e-02
1.031743809580802917e-01
1.137257441878318787e-01
1.054078564047813416e-01
1.040662750601768494e-01
1.074512004852294922e-01
9.181803464889526367e-02
1.060481667518615723e-01
1.296795159578323364e-01
9.280794113874435425e-02
9.681097418069839478e-02
1.054290756583213806e-01
1.133580431342124939e-01
1.080602407455444336e-01
1.044388562440872192e-01
1.139149218797683716e-01
1.298952400684356689e-01
9.000030159950256348e-02
1.477500945329666138e-01
9.281500428915023804e-02
1.231353059411048889e-01
1.110628172755241394e-01
9.596920013427734375e-02
1.097260266542434692e-01
8.160120248794555664e-02
8.951445668935775757e-02
9.022165089845657349e-02
1.422239989042282104e-01
1.021985784173011780e-01
9.159167110919952393e-02
9.796359390020370483e-02
1.037983670830726624e-01
9.067169576883316040e-02
8.365999907255172729e-02
8.553357422351837158e-02
1.159066483378410339e-01
1.127201318740844727e-01
8.364099264144897461e-02
1.061988621950149536e-01
8.887711912393569946e-02
7.433934509754180908e-02
8.886133879423141479e-02
9.630626440048217773e-02
1.114974766969680786e-01
9.786814451217651367e-02
1.041236743330955505e-01
9.754385799169540405e-02
1.048344522714614868e-01
9.907125681638717651e-02
1.117098331451416016e-01
9.314616769552230835e-02
9.511440992355346680e-02
1.035034433007240295e-01
7.591624557971954346e-02
9.983143955469131470e-02
8.341067284345626831e-02
1.221828237175941467e-01
1.000404134392738342e-01
7.802987098693847656e-02
8.471737802028656006e-02
1.554310619831085205e-01
9.964255243539810181e-02
1.159217357635498047e-01
9.411138296127319336e-02
9.359438717365264893e-02
9.259285777807235718e-02
9.646411985158920288e-02
1.042221710085868835e-01
8.310184627771377563e-02
8.325984328985214233e-02
8.400823175907135010e-02
9.129874408245086670e-02
9.487450122833251953e-02
1.170624420046806335e-01
8.359121531248092651e-02
8.811640739440917969e-02
1.242173463106155396e-01
1.420612186193466187e-01
8.752378076314926147e-02
9.230627119541168213e-02
9.375650435686111450e-02
1.406420320272445679e-01
9.209273010492324829e-02
8.537513017654418945e-02
9.270208328962326050e-02
9.833081066608428955e-02
8.117374032735824585e-02
8.659985661506652832e-02
9.171316772699356079e-02
9.185998141765594482e-02
9.306802600622177124e-02
9.211619943380355835e-02
8.873315900564193726e-02
9.298010915517807007e-02
8.055439591407775879e-02
1.162565499544143677e-01
9.590206295251846313e-02
8.758965134620666504e-02
9.096127003431320190e-02
1.041215583682060242e-01
1.007064953446388245e-01
1.014578342437744141e-01
1.101738736033439636e-01
8.661688864231109619e-02
1.279562264680862427e-01
9.918566048145294189e-02
7.657759636640548706e-02
1.152784600853919983e-01
9.136129915714263916e-02
1.077852174639701843e-01
8.398192375898361206e-02
9.109231084585189819e-02
7.296469062566757202e-02
8.112940937280654907e-02
9.119790792465209961e-02
8.225382119417190552e-02
7.065243273973464966e-02
8.601237833499908447e-02
7.919438928365707397e-02
1.097840219736099243e-01
8.914704620838165283e-02
1.335245370864868164e-01
8.627268671989440918e-02
1.022479534149169922e-01
9.811961650848388672e-02
1.067868694663047791e-01
8.300342410802841187e-02
8.837664127349853516e-02
9.462599456310272217e-02
9.569536894559860229e-02
7.169345766305923462e-02
9.763833135366439819e-02
9.878499805927276611e-02
8.001790195703506470e-02
7.340751588344573975e-02
9.100962430238723755e-02
1.038571521639823914e-01
8.944273740053176880e-02
1.108407303690910339e-01
7.218538969755172729e-02
9.122056514024734497e-02
1.437948942184448242e-01
8.535668998956680298e-02
7.850529998540878296e-02
7.058842480182647705e-02
8.551466464996337891e-02
7.420784980058670044e-02
7.167569547891616821e-02
7.911118865013122559e-02
1.013442873954772949e-01
7.737238705158233643e-02
9.018287807703018188e-02
8.665905147790908813e-02
8.507440984249114990e-02
1.535652875900268555e-01
9.411855787038803101e-02
7.539998739957809448e-02
8.818421512842178345e-02
8.646737784147262573e-02
9.326776117086410522e-02
9.997622668743133545e-02
7.329814881086349487e-02
8.564198017120361328e-02
1.142077669501304626e-01
7.948665320873260498e-02
1.082675457000732422e-01
7.332967966794967651e-02
8.872383087873458862e-02
6.887429952621459961e-02
1.040635034441947937e-01
9.575121849775314331e-02
9.639100730419158936e-02
7.305039465427398682e-02
7.506334036588668823e-02
8.436565101146697998e-02
7.563254982233047485e-02
8.551167696714401245e-02
1.034384742379188538e-01
9.254626184701919556e-02
8.247011899948120117e-02
8.307535201311111450e-02
1.004476100206375122e-01
9.842555969953536987e-02
7.030875235795974731e-02
7.214797288179397583e-02
7.606654614210128784e-02
9.479922801256179810e-02
8.085881918668746948e-02
7.495621591806411743e-02
7.706415653228759766e-02
9.824193269014358521e-02
7.659251242876052856e-02
8.440649509429931641e-02
8.893116563558578491e-02
6.412409991025924683e-02
7.924740761518478394e-02
1.000770255923271179e-01
7.841086387634277344e-02
7.703319936990737915e-02
9.659906476736068726e-02
7.988341897726058960e-02
9.253297746181488037e-02
8.274159580469131470e-02
9.055878967046737671e-02
1.315713375806808472e-01
7.963056862354278564e-02
8.167784661054611206e-02
7.847430557012557983e-02
1.048040390014648438e-01
7.426595687866210938e-02
8.924419432878494263e-02
8.143556863069534302e-02
8.986637741327285767e-02
1.686135530471801758e-01
9.650763124227523804e-02
8.759736269712448120e-02
1.040421873331069946e-01
1.125771552324295044e-01
8.096730709075927734e-02
9.439887851476669312e-02
8.600949496030807495e-02
7.252173870801925659e-02
7.139777392148971558e-02
1.187289357185363770e-01
9.616290032863616943e-02
1.046685576438903809e-01
7.057162374258041382e-02
9.505784511566162109e-02
8.645632117986679077e-02
1.134002730250358582e-01
1.080437675118446350e-01
7.728209346532821655e-02
8.255216479301452637e-02
6.933423131704330444e-02
7.415422052145004272e-02
7.830195873975753784e-02
1.210504919290542603e-01
7.878814637660980225e-02
9.227102249860763550e-02
8.569116890430450439e-02
8.245042711496353149e-02
8.310084789991378784e-02
8.031240105628967285e-02
7.427844405174255371e-02
7.741438597440719604e-02
1.204230338335037231e-01
7.790199667215347290e-02
8.856892585754394531e-02
7.804401963949203491e-02
7.334329932928085327e-02
1.221922636032104492e-01
8.814694732427597046e-02
1.064087897539138794e-01
8.256926387548446655e-02
8.581846952438354492e-02
6.498099863529205322e-02
8.542285859584808350e-02
9.790044277906417847e-02
8.121567219495773315e-02
6.928107887506484985e-02
8.228567987680435181e-02
