6.814281344413757324e-01
6.927481889724731445e-01
6.819588541984558105e-01
6.505323052406311035e-01
6.439315676689147949e-01
6.502334475517272949e-01
6.511493921279907227e-01
6.407406926155090332e-01
6.226257681846618652e-01
6.495580077171325684e-01
6.399124264717102051e-01
6.281026005744934082e-01
5.973758697509765625e-01
5.926731228828430176e-01
6.146816611289978027e-01
6.017098426818847656e-01
6.092013716697692871e-01
6.331993341445922852e-01
5.884870886802673340e-01
6.118210554122924805e-01
5.866736769676208496e-01
5.831546187400817871e-01
5.869402289390563965e-01
6.016792654991149902e-01
5.572195053100585938e-01
5.489551424980163574e-01
5.579316020011901855e-01
5.652922987937927246e-01
5.633125305175781250e-01
5.642815232276916504e-01
5.561363697052001953e-01
5.419949889183044434e-01
5.401864051818847656e-01
5.309085845947265625e-01
5.108259320259094238e-01
5.180967450141906738e-01
5.225616693496704102e-01
5.152812004089355469e-01
5.061053633689880371e-01
5.025752186775207520e-01
5.190612077713012695e-01
4.952289760112762451e-01
5.248354077339172363e-01
5.016121268272399902e-01
5.120181441307067871e-01
5.154563784599304199e-01
5.002691149711608887e-01
4.967544674873352051e-01
4.967217147350311279e-01
4.756108820438385010e-01
4.950489997863769531e-01
4.657948017120361328e-01
4.547675251960754395e-01
4.767301678657531738e-01
4.622237384319305420e-01
4.932116568088531494e-01
4.798880517482757568e-01
4.522492587566375732e-01
4.646185338497161865e-01
4.391137659549713135e-01
4.700441062450408936e-01
4.686013162136077881e-01
4.624822735786437988e-01
4.471855163574218750e-01
4.371163547039031982e-01
4.533235132694244385e-01
4.597693085670471191e-01
4.548410475254058838e-01
4.414983689785003662e-01
4.671777784824371338e-01
4.590682983398437500e-01
4.533549845218658447e-01
4.206111133098602295e-01
4.412058293819427490e-01
4.440637528896331787e-01
4.212941229343414307e-01
4.476169049739837646e-01
4.654800593852996826e-01
4.355651438236236572e-01
4.241113066673278809e-01
4.223017692565917969e-01
4.282479286193847656e-01
4.253061711788177490e-01
3.930558562278747559e-01
4.089931547641754150e-01
4.302856922149658203e-01
4.380116462707519531e-01
4.313069283962249756e-01
3.860567808151245117e-01
4.479470252990722656e-01
4.096521437168121338e-01
3.836253583431243896e-01
4.008538424968719482e-01
4.182433187961578369e-01
4.121101498603820801e-01
3.960960805416107178e-01
4.460662901401519775e-01
4.130938649177551270e-01
4.086611866950988770e-01
4.303792417049407959e-01
3.811945021152496338e-01
3.728803694248199463e-01
4.016892611980438232e-01
4.039510190486907959e-01
4.237795770168304443e-01
4.119728505611419678e-01
4.067174494266510010e-01
3.888697624206542969e-01
3.809514045715332031e-01
4.242032170295715332e-01
4.225705564022064209e-01
3.959983289241790771e-01
3.806581497192382812e-01
3.741508126258850098e-01
3.845312595367431641e-01
3.571565449237823486e-01
3.942868709564208984e-01
4.475040435791015625e-01
4.060519337654113770e-01
3.688610196113586426e-01
4.007697105407714844e-01
3.970054686069488525e-01
3.827939033508300781e-01
4.004843831062316895e-01
4.075344204902648926e-01
3.760942220687866211e-01
3.771100640296936035e-01
4.104069769382476807e-01
4.161086678504943848e-01
3.835204243659973145e-01
3.854172229766845703e-01
3.929429948329925537e-01
3.949291408061981201e-01
3.749473989009857178e-01
3.549418747425079346e-01
4.035949409008026123e-01
3.821720182895660400e-01
3.723810315132141113e-01
3.970889449119567871e-01
3.644139170646667480e-01
3.544335663318634033e-01
4.007878303527832031e-01
4.167951643466949463e-01
3.976343870162963867e-01
3.744597136974334717e-01
3.907493054866790771e-01
3.707159161567687988e-01
4.002675116062164307e-01
3.782828152179718018e-01
3.673313260078430176e-01
3.844628334045410156e-01
4.238142073154449463e-01
4.038328230381011963e-01
3.521122038364410400e-01
3.971019685268402100e-01
3.856846690177917480e-01
3.739084005355834961e-01
3.968600928783416748e-01
3.678775727748870850e-01
3.868488669395446777e-01
3.738953769207000732e-01
4.067917764186859131e-01
3.711893558502197266e-01
4.074170291423797607e-01
3.842126429080963135e-01
3.848997652530670166e-01
3.694557845592498779e-01
3.441970348358154297e-01
3.821832835674285889e-01
3.502175211906433105e-01
3.716510236263275146e-01
3.643134534358978271e-01
3.643062114715576172e-01
4.250843226909637451e-01
3.748359382152557373e-01
3.499249517917633057e-01
4.115311801433563232e-01
3.946413695812225342e-01
3.839484751224517822e-01
3.538933992385864258e-01
3.419446051120758057e-01
3.715291917324066162e-01
3.899012506008148193e-01
3.817954957485198975e-01
3.310279250144958496e-01
3.878319859504699707e-01
3.584543168544769287e-01
3.684660792350769043e-01
3.475337624549865723e-01
3.961523175239562988e-01
3.798580169677734375e-01
3.979235589504241943e-01
3.520037829875946045e-01
3.944154679775238037e-01
3.599472343921661377e-01
3.540736734867095947e-01
3.571379184722900391e-01
3.529553115367889404e-01
3.623720407485961914e-01
3.726015388965606689e-01
4.130804538726806641e-01
3.633605539798736572e-01
3.776040077209472656e-01
3.957527279853820801e-01
3.732917904853820801e-01
3.484763205051422119e-01
3.199296593666076660e-01
3.528396189212799072e-01
3.415870368480682373e-01
3.213671147823333740e-01
3.401562869548797607e-01
3.549766242504119873e-01
3.383223712444305420e-01
3.569241762161254883e-01
3.582992851734161377e-01
3.542606830596923828e-01
3.543229103088378906e-01
3.587275743484497070e-01
3.134027421474456787e-01
3.895144164562225342e-01
3.638407289981842041e-01
3.835189044475555420e-01
3.682374060153961182e-01
3.531638085842132568e-01
3.249323368072509766e-01
3.447145521640777588e-01
3.663897216320037842e-01
3.472152650356292725e-01
3.933742940425872803e-01
3.342956602573394775e-01
3.160470128059387207e-01
3.708395659923553467e-01
3.412224948406219482e-01
3.381584584712982178e-01
3.451883494853973389e-01
3.051375448703765869e-01
3.615086078643798828e-01
3.738165199756622314e-01
3.497157096862792969e-01
3.409506976604461670e-01
3.543443679809570312e-01
3.652844429016113281e-01
4.087918400764465332e-01
3.351381123065948486e-01
3.822173774242401123e-01
3.437849879264831543e-01
3.274172246456146240e-01
3.677404820919036865e-01
3.799181580543518066e-01
3.371306359767913818e-01
3.738679885864257812e-01
3.636012971401214600e-01
3.215569853782653809e-01
3.124561011791229248e-01
3.538674712181091309e-01
3.466598987579345703e-01
3.375565707683563232e-01
3.213037848472595215e-01
3.241639733314514160e-01
3.463960587978363037e-01
3.219849169254302979e-01
3.503467142581939697e-01
3.231872022151947021e-01
3.368114829063415527e-01
3.528821170330047607e-01
3.336108624935150146e-01
3.156711161136627197e-01
3.203746676445007324e-01
3.787266910076141357e-01
3.437685966491699219e-01
3.368596136569976807e-01
3.449379503726959229e-01
3.226804435253143311e-01
3.474558889865875244e-01
3.455325663089752197e-01
3.581546843051910400e-01
3.358309268951416016e-01
3.863819539546966553e-01
3.112477660179138184e-01
3.395941555500030518e-01
3.184188306331634521e-01
3.705089688301086426e-01
3.449568748474121094e-01
3.479118347167968750e-01
3.271363675594329834e-01
3.687433600425720215e-01
3.281770348548889160e-01
3.112480640411376953e-01
3.140526413917541504e-01
3.613990247249603271e-01
3.766044080257415771e-01
3.330453336238861084e-01
3.330475986003875732e-01
3.346604704856872559e-01
3.501961827278137207e-01
3.830665051937103271e-01
3.459315598011016846e-01
3.253817260265350342e-01
3.216864764690399170e-01
3.658214807510375977e-01
3.284146487712860107e-01
3.252299427986145020e-01
3.494376242160797119e-01
3.377145826816558838e-01
3.488650023937225342e-01
2.871523797512054443e-01
3.191066682338714600e-01
3.584942519664764404e-01
3.328317105770111084e-01
3.191349506378173828e-01
3.192327618598937988e-01
3.089807033538818359e-01
3.366620838642120361e-01
3.488922715187072754e-01
3.305212557315826416e-01
3.431966900825500488e-01
3.131192326545715332e-01
3.375295698642730713e-01
3.391356170177459717e-01
3.698298037052154541e-01
3.492812216281890869e-01
3.503100574016571045e-01
3.113969862461090088e-01
3.358746767044067383e-01
2.887124121189117432e-01
3.336477875709533691e-01
3.090444505214691162e-01
3.097884654998779297e-01
3.785779774188995361e-01
3.580504357814788818e-01
3.140225708484649658e-01
3.079899251461029053e-01
3.719907402992248535e-01
3.240586817264556885e-01
3.338453769683837891e-01
3.408705890178680420e-01
3.226825594902038574e-01
3.557649552822113037e-01
3.562747538089752197e-01
3.790689408779144287e-01
3.342727124691009521e-01
3.580840528011322021e-01
3.361423611640930176e-01
3.138502240180969238e-01
2.981004416942596436e-01
3.378926217555999756e-01
3.203918039798736572e-01
3.412044048309326172e-01
3.287006020545959473e-01
3.089375197887420654e-01
3.736219108104705811e-01
3.287934362888336182e-01
3.305102288722991943e-01
3.096161484718322754e-01
3.647891581058502197e-01
3.264680206775665283e-01
3.393158614635467529e-01
3.041718900203704834e-01
3.760860562324523926e-01
3.424418866634368896e-01
2.951280772686004639e-01
3.398076593875885010e-01
3.218564689159393311e-01
3.344532251358032227e-01
3.302497863769531250e-01
3.083243370056152344e-01
3.349058330059051514e-01
3.253164887428283691e-01
3.856385350227355957e-01
3.172712326049804688e-01
3.831436336040496826e-01
3.390335142612457275e-01
3.139057159423828125e-01
3.456583321094512939e-01
3.132412135601043701e-01
3.129814267158508301e-01
3.250413835048675537e-01
3.213438093662261963e-01
3.312992751598358154e-01
3.470044136047363281e-01
3.187478482723236084e-01
3.351051509380340576e-01
3.331453502178192139e-01
3.415484130382537842e-01
3.267908990383148193e-01
3.264009654521942139e-01
3.241559565067291260e-01
3.141330778598785400e-01
3.140901625156402588e-01
3.325421512126922607e-01
2.838063538074493408e-01
2.634746730327606201e-01
3.173563480377197266e-01
3.278038799762725830e-01
3.206863403320312500e-01
2.778702676296234131e-01
3.298688530921936035e-01
3.162978589534759521e-01
2.884044349193572998e-01
3.079019784927368164e-01
3.287569284439086914e-01
3.324514329433441162e-01
3.129444122314453125e-01
2.898697555065155029e-01
3.234899938106536865e-01
3.466465175151824951e-01
3.212723433971405029e-01
3.126713335514068604e-01
2.986098229885101318e-01
3.297318518161773682e-01
3.185211122035980225e-01
3.575091660022735596e-01
3.247074782848358154e-01
3.101745843887329102e-01
3.217823505401611328e-01
3.084655404090881348e-01
3.157957494258880615e-01
3.144473433494567871e-01
3.323774933815002441e-01
3.215929865837097168e-01
2.982148826122283936e-01
3.084650933742523193e-01
3.220491111278533936e-01
3.192378282546997070e-01
2.981962859630584717e-01
2.817428708076477051e-01
3.590225577354431152e-01
3.216717243194580078e-01
3.258440494537353516e-01
3.409396111965179443e-01
3.312236070632934570e-01
3.345710933208465576e-01
3.410455882549285889e-01
2.894484996795654297e-01
3.163122832775115967e-01
3.239995539188385010e-01
2.880066931247711182e-01
3.623326122760772705e-01
3.184719681739807129e-01
3.099553287029266357e-01
3.351409137248992920e-01
3.391569554805755615e-01
3.008504509925842285e-01
3.030093908309936523e-01
2.820231914520263672e-01
2.931663691997528076e-01
3.073564767837524414e-01
2.915591895580291748e-01
3.120139539241790771e-01
3.226689994335174561e-01
3.295583724975585938e-01
2.908204495906829834e-01
3.116290569305419922e-01
3.060762882232666016e-01
3.321467339992523193e-01
2.951196134090423584e-01
3.042938709259033203e-01
3.038169145584106445e-01
2.897510230541229248e-01
3.098005056381225586e-01
2.957403659820556641e-01
2.940827310085296631e-01
3.122492730617523193e-01
3.116789460182189941e-01
3.350954055786132812e-01
3.117145597934722900e-01
3.137870430946350098e-01
2.876387536525726318e-01
2.861094474792480469e-01
2.913736999034881592e-01
2.643646299839019775e-01
2.996169328689575195e-01
2.945133447647094727e-01
3.936493992805480957e-01
3.113699853420257568e-01
3.250552117824554443e-01
2.948331832885742188e-01
3.371829390525817871e-01
3.422543704509735107e-01
2.783842384815216064e-01
3.198206424713134766e-01
3.009652793407440186e-01
2.965537011623382568e-01
3.233319222927093506e-01
2.655219137668609619e-01
3.512758910655975342e-01
3.338303267955780029e-01
2.999281883239746094e-01
3.365167081356048584e-01
2.877686619758605957e-01
3.476492464542388916e-01
2.949054241180419922e-01
3.508065640926361084e-01
3.095155656337738037e-01
3.618080317974090576e-01
2.681110501289367676e-01
2.699239850044250488e-01
3.395749032497406006e-01
2.881483733654022217e-01
3.022814691066741943e-01
2.935287654399871826e-01
3.016310632228851318e-01
3.080656230449676514e-01
2.981416285037994385e-01
2.820475995540618896e-01
3.199093043804168701e-01
3.183313608169555664e-01
3.008044958114624023e-01
2.741173207759857178e-01
2.632854878902435303e-01
3.064502179622650146e-01
3.176704943180084229e-01
2.869652211666107178e-01
3.963358700275421143e-01
2.845777571201324463e-01
3.039153218269348145e-01
2.855953872203826904e-01
3.377210497856140137e-01
3.033202290534973145e-01
3.336895108222961426e-01
3.004339337348937988e-01
2.819717228412628174e-01
2.640638053417205811e-01
2.803862690925598145e-01
2.798414230346679688e-01
3.082952201366424561e-01
3.317532539367675781e-01
3.190335929393768311e-01
2.982828915119171143e-01
2.906513810157775879e-01
2.878301143646240234e-01
2.908691763877868652e-01
3.358536958694458008e-01
2.955023944377899170e-01
3.332995176315307617e-01
2.741190493106842041e-01
2.960343062877655029e-01
3.118330240249633789e-01
3.167313635349273682e-01
3.092777729034423828e-01
2.829112112522125244e-01
2.990003228187561035e-01
3.289684951305389404e-01
2.711970508098602295e-01
2.876801192760467529e-01
2.927969694137573242e-01
3.130103647708892822e-01
2.997362613677978516e-01
2.799704670906066895e-01
3.061229288578033447e-01
2.973266541957855225e-01
2.748899459838867188e-01
3.495012521743774414e-01
3.237567543983459473e-01
3.365486860275268555e-01
3.576004803180694580e-01
2.898481488227844238e-01
3.112612366676330566e-01
3.419825434684753418e-01
2.786561250686645508e-01
3.007902801036834717e-01
2.821232974529266357e-01
3.324645459651947021e-01
3.138177394866943359e-01
2.869668900966644287e-01
3.187390565872192383e-01
3.461996018886566162e-01
3.055281639099121094e-01
2.645283341407775879e-01
3.191173374652862549e-01
3.324742913246154785e-01
3.811192512512207031e-01
3.044066131114959717e-01
3.190992772579193115e-01
3.570981025695800781e-01
3.553144633769989014e-01
2.640841603279113770e-01
3.562180995941162109e-01
2.987776696681976318e-01
2.863638997077941895e-01
3.295894265174865723e-01
3.251482248306274414e-01
3.172300457954406738e-01
2.990906536579132080e-01
3.110930919647216797e-01
3.116532266139984131e-01
3.239633738994598389e-01
2.844601571559906006e-01
3.217485845088958740e-01
3.306365907192230225e-01
2.824877202510833740e-01
3.291590809822082520e-01
3.093793094158172607e-01
2.496294975280761719e-01
2.786396443843841553e-01
3.200204968452453613e-01
2.796981632709503174e-01
2.927598655223846436e-01
2.820050418376922607e-01
3.161957859992980957e-01
2.803919315338134766e-01
2.721401751041412354e-01
3.549366593360900879e-01
2.936176955699920654e-01
2.471635192632675171e-01
2.878312468528747559e-01
2.815749645233154297e-01
3.023337721824645996e-01
3.157338798046112061e-01
2.875306308269500732e-01
2.638610005378723145e-01
3.142935037612915039e-01
2.844850122928619385e-01
3.233519494533538818e-01
2.645185589790344238e-01
3.138866126537322998e-01
2.833443582057952881e-01
3.174090683460235596e-01
2.643588483333587646e-01
2.654357850551605225e-01
2.639091908931732178e-01
2.961320877075195312e-01
2.639177739620208740e-01
3.011139631271362305e-01
3.035413622856140137e-01
2.779766619205474854e-01
3.137935400009155273e-01
2.943098843097686768e-01
2.603441178798675537e-01
2.664822041988372803e-01
2.699240148067474365e-01
2.965624630451202393e-01
2.859149873256683350e-01
3.368773758411407471e-01
2.667492032051086426e-01
3.502185344696044922e-01
3.198826014995574951e-01
2.723736464977264404e-01
2.939530611038208008e-01
2.411473542451858521e-01
3.137061595916748047e-01
2.827130854129791260e-01
2.880785763263702393e-01
3.075365722179412842e-01
2.880654036998748779e-01
2.416691780090332031e-01
3.153607547283172607e-01
3.002897202968597412e-01
3.127924203872680664e-01
2.847526967525482178e-01
2.813176214694976807e-01
2.852531969547271729e-01
3.395954072475433350e-01
2.828443050384521484e-01
3.491430282592773438e-01
2.889029681682586670e-01
3.146831095218658447e-01
2.674501538276672363e-01
3.106219768524169922e-01
2.649612128734588623e-01
2.495774477720260620e-01
2.639595568180084229e-01
3.376775383949279785e-01
2.755350470542907715e-01
3.086638450622558594e-01
2.558769881725311279e-01
2.610546052455902100e-01
3.415219485759735107e-01
3.394522666931152344e-01
2.748180031776428223e-01
2.976516783237457275e-01
2.559250295162200928e-01
3.071636855602264404e-01
2.790019810199737549e-01
3.043735921382904053e-01
3.153787851333618164e-01
2.857292592525482178e-01
3.061979711055755615e-01
2.948919236660003662e-01
3.286861777305603027e-01
2.512917220592498779e-01
3.525619208812713623e-01
2.861597537994384766e-01
3.080673217773437500e-01
2.906893193721771240e-01
3.338231742382049561e-01
2.552235722541809082e-01
2.901127636432647705e-01
2.683254778385162354e-01
2.627663314342498779e-01
2.864695489406585693e-01
3.162103295326232910e-01
2.297324240207672119e-01
3.014608323574066162e-01
2.761270105838775635e-01
3.097405135631561279e-01
2.895424664020538330e-01
2.547578513622283936e-01
3.178590834140777588e-01
2.639124989509582520e-01
3.192715942859649658e-01
3.539972901344299316e-01
2.720037996768951416e-01
3.057199418544769287e-01
2.674886882305145264e-01
2.952537536621093750e-01
2.578533291816711426e-01
2.555875480175018311e-01
3.128032088279724121e-01
2.244779169559478760e-01
3.068512380123138428e-01
3.071621954441070557e-01
2.991598248481750488e-01
2.822891771793365479e-01
2.694396376609802246e-01
3.230100572109222412e-01
2.871516644954681396e-01
3.504509925842285156e-01
2.795882821083068848e-01
2.884999513626098633e-01
2.607644498348236084e-01
2.590976655483245850e-01
2.833949029445648193e-01
2.810362577438354492e-01
2.705430984497070312e-01
2.719660401344299316e-01
2.938408553600311279e-01
2.761893868446350098e-01
2.703829705715179443e-01
2.877715826034545898e-01
2.951606810092926025e-01
3.104213178157806396e-01
2.927859425544738770e-01
2.991956770420074463e-01
3.003798425197601318e-01
3.218787908554077148e-01
3.112783133983612061e-01
2.820338308811187744e-01
2.603151500225067139e-01
2.827664017677307129e-01
2.681503891944885254e-01
2.830739021301269531e-01
2.655025422573089600e-01
2.725075483322143555e-01
2.742042839527130127e-01
2.818950116634368896e-01
2.562683522701263428e-01
2.941020429134368896e-01
2.597788870334625244e-01
2.818883359432220459e-01
2.637041509151458740e-01
2.935867011547088623e-01
2.601130604743957520e-01
2.787446975708007812e-01
2.452085763216018677e-01
2.674407660961151123e-01
2.683540284633636475e-01
2.449138611555099487e-01
3.114315867424011230e-01
3.431262075901031494e-01
2.938477694988250732e-01
3.033665418624877930e-01
2.899830639362335205e-01
3.046791255474090576e-01
2.597872614860534668e-01
2.990474402904510498e-01
2.898655831813812256e-01
2.675413787364959717e-01
3.248617351055145264e-01
3.262830674648284912e-01
3.230648040771484375e-01
3.542304039001464844e-01
2.759735584259033203e-01
2.908829748630523682e-01
3.015331923961639404e-01
2.925612628459930420e-01
2.938438355922698975e-01
2.847655415534973145e-01
2.737501263618469238e-01
3.027248382568359375e-01
2.784287035465240479e-01
2.924792766571044922e-01
2.436917871236801147e-01
2.872113585472106934e-01
2.836859822273254395e-01
2.547951340675354004e-01
2.666551768779754639e-01
2.812142968177795410e-01
3.079602420330047607e-01
2.781895101070404053e-01
2.607611119747161865e-01
2.632534801959991455e-01
2.743418514728546143e-01
2.819634079933166504e-01
2.660923600196838379e-01
2.962594926357269287e-01
2.443060874938964844e-01
3.085422813892364502e-01
3.206892907619476318e-01
3.219943642616271973e-01
2.956539690494537354e-01
2.677040100097656250e-01
3.190552294254302979e-01
3.274219930171966553e-01
2.678422927856445312e-01
2.893001139163970947e-01
3.004983365535736084e-01
2.704773843288421631e-01
2.715888917446136475e-01
2.335866540670394897e-01
2.741614878177642822e-01
2.423253506422042847e-01
2.783463597297668457e-01
2.335803359746932983e-01
3.148079812526702881e-01
3.293792605400085449e-01
3.349298536777496338e-01
3.038916587829589844e-01
2.426809370517730713e-01
3.277064561843872070e-01
2.271637022495269775e-01
3.356451392173767090e-01
3.228598535060882568e-01
2.102579623460769653e-01
2.510085999965667725e-01
2.764506936073303223e-01
2.916669547557830811e-01
2.335148304700851440e-01
2.657139301300048828e-01
2.633402347564697266e-01
3.234856724739074707e-01
2.742289006710052490e-01
2.662923932075500488e-01
2.811566293239593506e-01
3.170831501483917236e-01
3.072007894515991211e-01
2.604556679725646973e-01
3.171673417091369629e-01
2.810740172863006592e-01
3.254498243331909180e-01
2.625902891159057617e-01
2.684054076671600342e-01
2.795585095882415771e-01
2.807131707668304443e-01
2.669006586074829102e-01
2.572011649608612061e-01
3.346685469150543213e-01
2.805179655551910400e-01
2.783749103546142578e-01
2.555078566074371338e-01
3.014268875122070312e-01
2.718806564807891846e-01
2.508113682270050049e-01
2.475363463163375854e-01
2.862388193607330322e-01
2.925090789794921875e-01
3.065163195133209229e-01
3.194400370121002197e-01
2.881600558757781982e-01
3.111614286899566650e-01
3.108915984630584717e-01
3.060523569583892822e-01
2.666724324226379395e-01
2.757777273654937744e-01
2.775566577911376953e-01
2.909438610076904297e-01
2.628422677516937256e-01
2.708710134029388428e-01
3.064436316490173340e-01
2.789471745491027832e-01
2.984471023082733154e-01
3.028779923915863037e-01
2.535193562507629395e-01
2.659871578216552734e-01
3.279124796390533447e-01
2.780098617076873779e-01
3.215365111827850342e-01
2.843912839889526367e-01
2.770784497261047363e-01
3.373014032840728760e-01
2.606284618377685547e-01
2.613506913185119629e-01
3.046569824218750000e-01
2.807388305664062500e-01
3.074010014533996582e-01
2.540598511695861816e-01
2.975102365016937256e-01
2.289828062057495117e-01
2.826234996318817139e-01
2.606952786445617676e-01
2.554991543292999268e-01
2.901381552219390869e-01
2.766562104225158691e-01
3.674750626087188721e-01
3.132585883140563965e-01
3.091776072978973389e-01
2.796950340270996094e-01
2.761248648166656494e-01
2.538935542106628418e-01
2.679807245731353760e-01
3.305219709873199463e-01
2.506210505962371826e-01
2.822346389293670654e-01
3.173120915889739990e-01
2.901538908481597900e-01
2.662015557289123535e-01
2.504727840423583984e-01
2.356624901294708252e-01
2.913209497928619385e-01
2.536248862743377686e-01
2.589411139488220215e-01
2.732385694980621338e-01
3.195774853229522705e-01
2.767700850963592529e-01
2.812550067901611328e-01
2.434929907321929932e-01
2.459711134433746338e-01
2.575607895851135254e-01
2.949556410312652588e-01
2.544431388378143311e-01
3.079099655151367188e-01
2.591118514537811279e-01
2.811857461929321289e-01
3.112601041793823242e-01
2.589751482009887695e-01
2.929857373237609863e-01
2.730684876441955566e-01
2.674730718135833740e-01
2.395932227373123169e-01
2.949973940849304199e-01
3.541683256626129150e-01
2.649130821228027344e-01
2.528952062129974365e-01
2.319861501455307007e-01
2.943461239337921143e-01
2.635182440280914307e-01
2.809095978736877441e-01
2.544813156127929688e-01
2.284786701202392578e-01
2.713589370250701904e-01
2.966307103633880615e-01
3.209516704082489014e-01
2.824367880821228027e-01
3.124220669269561768e-01
2.875306606292724609e-01
2.909400761127471924e-01
2.503352761268615723e-01
2.314933985471725464e-01
2.436787933111190796e-01
3.129449188709259033e-01
2.330457717180252075e-01
2.976671755313873291e-01
2.846080958843231201e-01
2.510487735271453857e-01
2.982039153575897217e-01
2.568394243717193604e-01
3.260383307933807373e-01
2.969674170017242432e-01
2.761377394199371338e-01
2.984358966350555420e-01
2.881815135478973389e-01
2.378215342760086060e-01
2.753513753414154053e-01
2.569606006145477295e-01
2.513671517372131348e-01
2.540103495121002197e-01
2.726149260997772217e-01
2.685709595680236816e-01
3.216187953948974609e-01
2.629400789737701416e-01
2.843560278415679932e-01
3.128702342510223389e-01
2.505915760993957520e-01
3.332260847091674805e-01
2.551637887954711914e-01
2.557334303855895996e-01
2.644838988780975342e-01
2.787046432495117188e-01
2.332836389541625977e-01
2.883906066417694092e-01
2.801779806613922119e-01
2.400308698415756226e-01
2.970862090587615967e-01
2.759647965431213379e-01
2.778481245040893555e-01
2.843137681484222412e-01
2.500939965248107910e-01
2.773577868938446045e-01
3.050116598606109619e-01
2.648188769817352295e-01
2.468435764312744141e-01
2.625348269939422607e-01
2.331660240888595581e-01
2.551453411579132080e-01
3.095367252826690674e-01
2.860245406627655029e-01
2.772506773471832275e-01
2.238555401563644409e-01
2.420411556959152222e-01
2.978032827377319336e-01
2.301050424575805664e-01
2.926295697689056396e-01
2.586713433265686035e-01
2.169660776853561401e-01
2.905591130256652832e-01
2.252437174320220947e-01
2.992506921291351318e-01
2.487756460905075073e-01
3.324640691280364990e-01
2.465734481811523438e-01
3.032981157302856445e-01
2.688345611095428467e-01
2.242368310689926147e-01
2.714502215385437012e-01
2.727170884609222412e-01
2.951456904411315918e-01
2.408932298421859741e-01
2.448509186506271362e-01
2.723414599895477295e-01
2.561114728450775146e-01
2.752535343170166016e-01
3.026682138442993164e-01
2.764367163181304932e-01
2.638767957687377930e-01
2.647314071655273438e-01
2.993296682834625244e-01
2.722693681716918945e-01
3.057638704776763916e-01
3.058827817440032959e-01
2.716042697429656982e-01
2.571373581886291504e-01
2.823234498500823975e-01
2.171718627214431763e-01
3.249391019344329834e-01
2.943505346775054932e-01
3.009412884712219238e-01
2.432241737842559814e-01
3.263445794582366943e-01
3.401383459568023682e-01
2.883641421794891357e-01
2.450929433107376099e-01
2.754916846752166748e-01
3.136515617370605469e-01
3.084405958652496338e-01
2.754831910133361816e-01
2.688438594341278076e-01
2.262665033340454102e-01
2.412901967763900757e-01
2.484383583068847656e-01
3.011873364448547363e-01
2.577379047870635986e-01
2.542880773544311523e-01
2.395203858613967896e-01
2.780142426490783691e-01
2.697900831699371338e-01
2.985979914665222168e-01
3.291480243206024170e-01
2.473744899034500122e-01
3.255650699138641357e-01
2.892309129238128662e-01
2.439078837633132935e-01
3.136455714702606201e-01
2.574368119239807129e-01
2.283638566732406616e-01
2.555587887763977051e-01
2.757860720157623291e-01
2.671337723731994629e-01
3.286587595939636230e-01
2.487521171569824219e-01
2.338246852159500122e-01
2.913268208503723145e-01
2.376658767461776733e-01
3.202027678489685059e-01
2.923046052455902100e-01
2.904579639434814453e-01
2.338355332612991333e-01
3.256911039352416992e-01
2.457544803619384766e-01
3.018096983432769775e-01
2.811150550842285156e-01
2.794707715511322021e-01
2.957292795181274414e-01
2.474555224180221558e-01
2.503913938999176025e-01
2.471670210361480713e-01
3.330288529396057129e-01
2.346165925264358521e-01
2.896308600902557373e-01
2.497044801712036133e-01
2.820894718170166016e-01
2.583361566066741943e-01
2.674083113670349121e-01
2.169096022844314575e-01
3.324892222881317139e-01
2.803809642791748047e-01
2.835820913314819336e-01
2.822726666927337646e-01
2.593329548835754395e-01
2.814194262027740479e-01
2.356216013431549072e-01
2.765659093856811523e-01
3.320885598659515381e-01
2.806223332881927490e-01
2.480501681566238403e-01
2.968904972076416016e-01
2.816035747528076172e-01
2.721901834011077881e-01
2.495299428701400757e-01
2.857520580291748047e-01
2.313715517520904541e-01
2.591236531734466553e-01
2.816348969936370850e-01
2.652940452098846436e-01
2.673074901103973389e-01
2.608306109905242920e-01
2.478212565183639526e-01
2.483505010604858398e-01
2.239574193954467773e-01
3.174119889736175537e-01
3.125338554382324219e-01
2.269290685653686523e-01
2.502956092357635498e-01
2.689315974712371826e-01
2.486290484666824341e-01
2.636318206787109375e-01
3.068902492523193359e-01
2.606980502605438232e-01
3.039007484912872314e-01
2.237116396427154541e-01
3.028881251811981201e-01
2.847549021244049072e-01
2.395513504743576050e-01
2.511000335216522217e-01
2.516888082027435303e-01
2.372542470693588257e-01
2.926966845989227295e-01
2.116104811429977417e-01
2.697231769561767578e-01
2.762988507747650146e-01
2.524882853031158447e-01
2.227822095155715942e-01
2.629043757915496826e-01
2.732664048671722412e-01
2.693731784820556641e-01
2.917982637882232666e-01
2.494654208421707153e-01
2.744207978248596191e-01
2.740813195705413818e-01
2.720296978950500488e-01
2.199989110231399536e-01
2.610078454017639160e-01
3.163293898105621338e-01
2.908752858638763428e-01
2.225259095430374146e-01
2.500488460063934326e-01
2.879957854747772217e-01
2.306299507617950439e-01
3.529111146926879883e-01
3.235048055648803711e-01
3.082356750965118408e-01
2.327374517917633057e-01
2.867766916751861572e-01
3.226124346256256104e-01
2.452314943075180054e-01
2.702958285808563232e-01
2.363848686218261719e-01
2.826713621616363525e-01
2.396683990955352783e-01
2.723448872566223145e-01
2.770309150218963623e-01
2.482554912567138672e-01
2.528593242168426514e-01
3.270470798015594482e-01
2.472492456436157227e-01
2.993392944335937500e-01
2.553241848945617676e-01
2.888850867748260498e-01
2.893408834934234619e-01
2.742055952548980713e-01
2.727813422679901123e-01
2.768407166004180908e-01
3.020606935024261475e-01
2.233002185821533203e-01
2.567512392997741699e-01
2.515529394149780273e-01
3.115258514881134033e-01
2.260696738958358765e-01
2.408825159072875977e-01
3.035465180873870850e-01
3.034404516220092773e-01
3.445321023464202881e-01
2.967649400234222412e-01
2.555679678916931152e-01
3.290581107139587402e-01
2.652556598186492920e-01
3.001622557640075684e-01
2.500921189785003662e-01
2.547414898872375488e-01
2.627001106739044189e-01
2.755726277828216553e-01
2.612949907779693604e-01
1.923380941152572632e-01
3.470200002193450928e-01
2.745252549648284912e-01
2.799274921417236328e-01
3.070172965526580811e-01
2.671743333339691162e-01
2.575367689132690430e-01
2.427667230367660522e-01
2.558499276638031006e-01
3.095014095306396484e-01
3.420832753181457520e-01
2.541294991970062256e-01
2.334694117307662964e-01
2.937041819095611572e-01
2.712915837764739990e-01
2.404306381940841675e-01
2.406708300113677979e-01
2.589343488216400146e-01
2.307084053754806519e-01
2.515091001987457275e-01
2.606465518474578857e-01
2.383746355772018433e-01
2.411581128835678101e-01
2.654715478420257568e-01
2.673864066600799561e-01
2.675079405307769775e-01
2.635228037834167480e-01
2.453650534152984619e-01
2.498417198657989502e-01
2.284109145402908325e-01
2.545668184757232666e-01
2.529523074626922607e-01
2.880729138851165771e-01
2.781676948070526123e-01
2.520531415939331055e-01
2.552711665630340576e-01
2.500925064086914062e-01
2.992427051067352295e-01
2.842333912849426270e-01
2.613070607185363770e-01
2.383894771337509155e-01
2.871470451354980469e-01
2.582599818706512451e-01
3.077205121517181396e-01
2.644068002700805664e-01
2.325530052185058594e-01
3.054632842540740967e-01
3.365574479103088379e-01
2.578966915607452393e-01
2.899962961673736572e-01
2.657318711280822754e-01
2.652585506439208984e-01
2.268524169921875000e-01
2.711483240127563477e-01
2.753315865993499756e-01
2.557871937751770020e-01
2.680993676185607910e-01
2.639589011669158936e-01
2.415566444396972656e-01
2.481555938720703125e-01
2.259645909070968628e-01
2.490555346012115479e-01
2.282234281301498413e-01
2.437110692262649536e-01
2.502148747444152832e-01
2.682058215141296387e-01
2.270808070898056030e-01
3.222088515758514404e-01
2.222751677036285400e-01
2.932045161724090576e-01
2.144623994827270508e-01
2.894984781742095947e-01
3.108999729156494141e-01
2.425052225589752197e-01
2.410814613103866577e-01
2.537773549556732178e-01
2.438397407531738281e-01
2.708288133144378662e-01
2.418592572212219238e-01
2.724535167217254639e-01
2.404439300298690796e-01
2.999587357044219971e-01
2.679854333400726318e-01
2.468309700489044189e-01
2.545408904552459717e-01
2.482189685106277466e-01
2.991381585597991943e-01
2.630015015602111816e-01
2.550587952136993408e-01
2.489229738712310791e-01
2.014085799455642700e-01
2.893367111682891846e-01
2.440181970596313477e-01
2.787798941135406494e-01
2.600033879280090332e-01
2.533786594867706299e-01
2.466259449720382690e-01
2.532821595668792725e-01
2.987628579139709473e-01
2.282442599534988403e-01
2.680321633815765381e-01
2.098881751298904419e-01
2.950996160507202148e-01
2.746038138866424561e-01
2.502047717571258545e-01
3.258159160614013672e-01
2.771578431129455566e-01
2.369297593832015991e-01
2.933678627014160156e-01
2.632593214511871338e-01
2.832913994789123535e-01
2.454473525285720825e-01
2.941363453865051270e-01
2.597423791885375977e-01
2.930499017238616943e-01
2.404995262622833252e-01
2.829139828681945801e-01
2.460655719041824341e-01
2.669622600078582764e-01
2.483422011137008667e-01
2.506632804870605469e-01
2.659485042095184326e-01
2.876803576946258545e-01
2.705737650394439697e-01
2.516240775585174561e-01
2.417782098054885864e-01
2.419360727071762085e-01
2.895565330982208252e-01
2.436716556549072266e-01
2.448855936527252197e-01
2.080869972705841064e-01
2.488108873367309570e-01
2.382716983556747437e-01
2.085491418838500977e-01
2.991548180580139160e-01
3.200287520885467529e-01
3.076195716857910156e-01
2.338571101427078247e-01
2.247698754072189331e-01
2.815652787685394287e-01
2.254163473844528198e-01
2.427666187286376953e-01
2.676899731159210205e-01
3.132813274860382080e-01
2.566853463649749756e-01
2.521178722381591797e-01
2.652044892311096191e-01
2.282872498035430908e-01
2.586267888545989990e-01
2.982544600963592529e-01
2.511310279369354248e-01
2.469382584095001221e-01
2.681090533733367920e-01
2.666458785533905029e-01
2.839717268943786621e-01
2.599237859249114990e-01
2.976777553558349609e-01
2.321469783782958984e-01
2.249499410390853882e-01
2.594179809093475342e-01
2.629625499248504639e-01
2.233966141939163208e-01
2.586971819400787354e-01
2.299609184265136719e-01
2.532154321670532227e-01
2.454999983310699463e-01
2.288428395986557007e-01
2.309844493865966797e-01
2.470116615295410156e-01
2.472557872533798218e-01
2.555345594882965088e-01
2.615245580673217773e-01
2.667544484138488770e-01
2.939023077487945557e-01
2.839474380016326904e-01
2.794457077980041504e-01
2.736526131629943848e-01
2.550722062587738037e-01
2.601359784603118896e-01
2.361241579055786133e-01
2.831743359565734863e-01
2.545685470104217529e-01
2.630124688148498535e-01
2.306173890829086304e-01
2.383656799793243408e-01
2.367824316024780273e-01
2.579561173915863037e-01
2.889322340488433838e-01
3.082672059535980225e-01
2.264258414506912231e-01
2.546839416027069092e-01
2.346881479024887085e-01
2.741741836071014404e-01
2.738539874553680420e-01
2.994971871376037598e-01
2.302144318819046021e-01
2.295083999633789062e-01
2.980599105358123779e-01
2.638656795024871826e-01
2.548047602176666260e-01
3.110243380069732666e-01
2.346520423889160156e-01
2.534670233726501465e-01
2.603994309902191162e-01
2.594376802444458008e-01
3.150103092193603516e-01
2.760092914104461670e-01
2.828170955181121826e-01
2.435050457715988159e-01
2.191225141286849976e-01
2.497571706771850586e-01
2.642020881175994873e-01
2.812572121620178223e-01
2.724630534648895264e-01
2.437122315168380737e-01
2.877438962459564209e-01
2.495448589324951172e-01
2.845202982425689697e-01
2.975824773311614990e-01
2.485740184783935547e-01
2.587357461452484131e-01
2.793669402599334717e-01
2.888141274452209473e-01
2.626463174819946289e-01
2.148792743682861328e-01
2.815245985984802246e-01
2.704939842224121094e-01
2.316285669803619385e-01
3.093563020229339600e-01
2.086807936429977417e-01
3.086989223957061768e-01
2.415733188390731812e-01
2.403438091278076172e-01
2.573555409908294678e-01
3.068449497222900391e-01
2.374446690082550049e-01
2.380325049161911011e-01
2.425855696201324463e-01
2.272811532020568848e-01
2.620020508766174316e-01
3.104434311389923096e-01
2.828052639961242676e-01
2.583637237548828125e-01
3.054559826850891113e-01
2.478812187910079956e-01
3.042450845241546631e-01
2.576942443847656250e-01
3.126692473888397217e-01
2.835892736911773682e-01
2.818909585475921631e-01
2.622788548469543457e-01
2.901727259159088135e-01
2.268584519624710083e-01
2.165717631578445435e-01
2.488513439893722534e-01
2.582978904247283936e-01
2.454150766134262085e-01
2.501225173473358154e-01
2.395580112934112549e-01
2.390870600938796997e-01
2.592538297176361084e-01
2.591820061206817627e-01
2.506135404109954834e-01
2.518884539604187012e-01
2.896751165390014648e-01
2.942797243595123291e-01
2.506925761699676514e-01
2.466806024312973022e-01
2.301459312438964844e-01
2.701665461063385010e-01
2.685171663761138916e-01
2.700192630290985107e-01
2.733550667762756348e-01
2.249048799276351929e-01
2.639377415180206299e-01
2.094197273254394531e-01
2.327796518802642822e-01
2.609736919403076172e-01
2.710050046443939209e-01
2.373775243759155273e-01
3.156917393207550049e-01
2.605141699314117432e-01
2.366888523101806641e-01
2.576326727867126465e-01
2.795142829418182373e-01
2.562217116355895996e-01
2.157028168439865112e-01
2.114723026752471924e-01
1.977559179067611694e-01
2.319539338350296021e-01
2.855624854564666748e-01
2.491448670625686646e-01
2.349671125411987305e-01
2.072445005178451538e-01
2.155321836471557617e-01
2.579955160617828369e-01
3.281625807285308838e-01
2.422268837690353394e-01
2.552407681941986084e-01
2.532195448875427246e-01
2.720106244087219238e-01
2.899967133998870850e-01
3.069395124912261963e-01
3.021105825901031494e-01
2.834318578243255615e-01
2.353045046329498291e-01
2.336036711931228638e-01
2.972628772258758545e-01
2.540394961833953857e-01
2.738546431064605713e-01
2.767977714538574219e-01
2.154041379690170288e-01
2.510572969913482666e-01
2.465643435716629028e-01
2.353207319974899292e-01
2.604578435420989990e-01
2.639145553112030029e-01
2.508741617202758789e-01
2.287821322679519653e-01
2.552082836627960205e-01
2.674699425697326660e-01
2.361910641193389893e-01
1.953183710575103760e-01
2.582104206085205078e-01
2.388108074665069580e-01
3.131450414657592773e-01
2.263027429580688477e-01
2.311514914035797119e-01
1.970203965902328491e-01
2.411956340074539185e-01
2.083305865526199341e-01
2.305996417999267578e-01
2.772637009620666504e-01
2.311079949140548706e-01
2.433205693960189819e-01
2.653793096542358398e-01
2.644166946411132812e-01
2.788958251476287842e-01
2.278131544589996338e-01
2.925775945186614990e-01
2.735113501548767090e-01
2.501078546047210693e-01
2.899982631206512451e-01
2.299846708774566650e-01
2.446263134479522705e-01
2.726946473121643066e-01
2.668963670730590820e-01
2.889880836009979248e-01
2.849564254283905029e-01
2.647678554058074951e-01
2.305978983640670776e-01
2.354559898376464844e-01
2.356532812118530273e-01
2.871104776859283447e-01
2.219405621290206909e-01
2.415605634450912476e-01
2.547152936458587646e-01
2.372234165668487549e-01
2.294681072235107422e-01
2.856530547142028809e-01
3.004689216613769531e-01
2.741199433803558350e-01
2.916799485683441162e-01
2.859656214714050293e-01
2.444207668304443359e-01
2.839091718196868896e-01
2.290794849395751953e-01
2.378060817718505859e-01
2.822832465171813965e-01
2.193401306867599487e-01
2.219444811344146729e-01
2.609455883502960205e-01
2.437180131673812866e-01
2.757448852062225342e-01
2.703266143798828125e-01
2.446159571409225464e-01
2.461678832769393921e-01
2.437098473310470581e-01
2.579322755336761475e-01
2.360524684190750122e-01
2.723746001720428467e-01
2.530872821807861328e-01
2.762071192264556885e-01
2.522582709789276123e-01
2.454868108034133911e-01
2.252730578184127808e-01
2.281048744916915894e-01
2.555897235870361328e-01
2.539342939853668213e-01
2.220645993947982788e-01
2.858347594738006592e-01
2.438979446887969971e-01
2.492696046829223633e-01
3.332868516445159912e-01
2.513697147369384766e-01
2.391434162855148315e-01
2.594866752624511719e-01
2.993760108947753906e-01
2.669619917869567871e-01
