6.813172698020935059e-01
5.950628519058227539e-01
5.970883369445800781e-01
5.899332761764526367e-01
5.291979312896728516e-01
5.180853605270385742e-01
4.556002616882324219e-01
4.425221085548400879e-01
4.778904020786285400e-01
4.144798219203948975e-01
4.047490060329437256e-01
3.926280140876770020e-01
3.652584552764892578e-01
3.595266342163085938e-01
3.430665433406829834e-01
3.359415233135223389e-01
3.638594746589660645e-01
3.167892992496490479e-01
3.332693278789520264e-01
3.220629990100860596e-01
3.249773681163787842e-01
2.956492006778717041e-01
3.241454064846038818e-01
2.928613126277923584e-01
3.206897079944610596e-01
2.751018404960632324e-01
3.089071512222290039e-01
3.036783635616302490e-01
3.171748220920562744e-01
3.268875777721405029e-01
2.844261229038238525e-01
2.611188888549804688e-01
2.628563940525054932e-01
2.463335990905761719e-01
2.416069954633712769e-01
2.536768317222595215e-01
2.975091934204101562e-01
2.512937188148498535e-01
2.204337567090988159e-01
2.610983848571777344e-01
2.566726207733154297e-01
2.295915186405181885e-01
2.539345920085906982e-01
2.437600344419479370e-01
2.128108590841293335e-01
2.216439694166183472e-01
2.476835697889328003e-01
2.094752788543701172e-01
2.132280319929122925e-01
2.610696256160736084e-01
2.520260810852050781e-01
2.294897139072418213e-01
1.987884491682052612e-01
2.245997041463851929e-01
1.991104930639266968e-01
2.161948680877685547e-01
2.016270160675048828e-01
2.514151632785797119e-01
2.276521772146224976e-01
1.962940245866775513e-01
2.075630873441696167e-01
1.917576044797897339e-01
2.073548287153244019e-01
1.963261514902114868e-01
1.966290324926376343e-01
1.798503696918487549e-01
1.930002272129058838e-01
1.848762184381484985e-01
1.833069771528244019e-01
2.150500267744064331e-01
2.365836203098297119e-01
1.939005851745605469e-01
2.312584668397903442e-01
1.924290508031845093e-01
1.931096166372299194e-01
2.076117843389511108e-01
2.475070953369140625e-01
1.769665926694869995e-01
1.801259815692901611e-01
1.863683760166168213e-01
1.856420338153839111e-01
1.786584258079528809e-01
2.019242793321609497e-01
1.915671229362487793e-01
1.799369156360626221e-01
1.616856604814529419e-01
1.916489154100418091e-01
1.844084411859512329e-01
2.003628462553024292e-01
1.622788012027740479e-01
1.654140055179595947e-01
1.708222627639770508e-01
1.835840791463851929e-01
1.981487423181533813e-01
1.889532059431076050e-01
1.788742840290069580e-01
1.815511733293533325e-01
1.563787758350372314e-01
1.667653769254684448e-01
2.012941390275955200e-01
1.653820127248764038e-01
1.638754010200500488e-01
1.855398863554000854e-01
1.771913766860961914e-01
1.945393085479736328e-01
2.317194044589996338e-01
1.885429918766021729e-01
1.424038708209991455e-01
1.694653481245040894e-01
1.693688780069351196e-01
1.588597148656845093e-01
1.565152704715728760e-01
1.711214780807495117e-01
1.547909528017044067e-01
1.886018216609954834e-01
1.653483062982559204e-01
1.622321158647537231e-01
1.879673153162002563e-01
1.709804981946945190e-01
1.608062982559204102e-01
1.579789221286773682e-01
1.801801770925521851e-01
1.696531772613525391e-01
1.637254208326339722e-01
1.797810941934585571e-01
1.598360836505889893e-01
1.657997816801071167e-01
1.594255119562149048e-01
1.777562052011489868e-01
1.420686095952987671e-01
2.046923935413360596e-01
1.456898003816604614e-01
1.893738210201263428e-01
2.029372751712799072e-01
1.767505407333374023e-01
1.685952991247177124e-01
1.519461721181869507e-01
1.588532924652099609e-01
1.338332444429397583e-01
1.450802534818649292e-01
1.568938493728637695e-01
1.477017253637313843e-01
1.592597812414169312e-01
1.684229373931884766e-01
1.617611944675445557e-01
1.615152657032012939e-01
1.773092448711395264e-01
1.529000997543334961e-01
1.627132743597030640e-01
1.645155996084213257e-01
1.464640051126480103e-01
1.938767284154891968e-01
1.500015705823898315e-01
1.571201533079147339e-01
1.522724181413650513e-01
1.516358107328414917e-01
1.518388092517852783e-01
1.293533593416213989e-01
1.432304680347442627e-01
1.338079273700714111e-01
1.451901346445083618e-01
1.439601480960845947e-01
1.442249566316604614e-01
1.596678197383880615e-01
1.572511196136474609e-01
1.558676511049270630e-01
1.520621627569198608e-01
2.150640785694122314e-01
1.450726240873336792e-01
1.479547321796417236e-01
1.558616608381271362e-01
1.439727246761322021e-01
1.636811345815658569e-01
1.592830717563629150e-01
1.477888375520706177e-01
1.909491419792175293e-01
1.332440376281738281e-01
1.275830268859863281e-01
1.464282721281051636e-01
1.605974435806274414e-01
1.397969722747802734e-01
1.424754112958908081e-01
1.773678958415985107e-01
1.628067046403884888e-01
1.771820634603500366e-01
1.754089891910552979e-01
1.551193445920944214e-01
1.382110267877578735e-01
1.513376384973526001e-01
1.705035418272018433e-01
1.589149683713912964e-01
1.603178828954696655e-01
1.437509059906005859e-01
1.294175237417221069e-01
1.373175829648971558e-01
1.400214731693267822e-01
1.339600533246994019e-01
1.533153653144836426e-01
1.380259692668914795e-01
1.458687335252761841e-01
1.614928245544433594e-01
1.227182522416114807e-01
1.412148773670196533e-01
1.515854597091674805e-01
1.423777192831039429e-01
1.642033308744430542e-01
1.300229877233505249e-01
1.319709867238998413e-01
1.324030160903930664e-01
1.783504486083984375e-01
1.317101418972015381e-01
1.267070025205612183e-01
1.294140070676803589e-01
1.466229856014251709e-01
1.524363458156585693e-01
1.252816170454025269e-01
1.710751950740814209e-01
1.327965110540390015e-01
1.551080197095870972e-01
1.371255218982696533e-01
1.713711023330688477e-01
1.406259387731552124e-01
1.344654411077499390e-01
1.379080861806869507e-01
1.631188690662384033e-01
1.295398175716400146e-01
1.447251886129379272e-01
1.382233351469039917e-01
1.705001443624496460e-01
1.552142351865768433e-01
1.491358429193496704e-01
1.294918209314346313e-01
1.163812205195426941e-01
1.438850462436676025e-01
1.345633715391159058e-01
1.355208307504653931e-01
1.465933620929718018e-01
1.388899385929107666e-01
1.389810591936111450e-01
1.547199487686157227e-01
1.498496383428573608e-01
1.664573997259140015e-01
1.265069246292114258e-01
1.271319240331649780e-01
1.507118195295333862e-01
1.330169141292572021e-01
1.540176123380661011e-01
1.526597142219543457e-01
1.528967469930648804e-01
1.207001209259033203e-01
1.401420831680297852e-01
1.168175116181373596e-01
1.231634765863418579e-01
1.328346580266952515e-01
1.283070296049118042e-01
1.399812251329421997e-01
1.409810781478881836e-01
1.241996064782142639e-01
1.385316699743270874e-01
1.297570168972015381e-01
1.211962923407554626e-01
1.520911753177642822e-01
1.559886485338211060e-01
1.149597689509391785e-01
1.232279911637306213e-01
1.373708546161651611e-01
1.409193873405456543e-01
1.246713176369667053e-01
1.360232681035995483e-01
1.556720584630966187e-01
1.430393010377883911e-01
1.186752244830131531e-01
1.209155097603797913e-01
1.238607168197631836e-01
1.313741505146026611e-01
1.436301320791244507e-01
1.339792162179946899e-01
1.305472105741500854e-01
1.415086090564727783e-01
1.330569237470626831e-01
1.522356122732162476e-01
1.407814472913742065e-01
1.520936936140060425e-01
1.391663849353790283e-01
1.104192286729812622e-01
1.213205605745315552e-01
1.417429447174072266e-01
1.458358466625213623e-01
1.214682012796401978e-01
1.133284941315650940e-01
1.272789984941482544e-01
1.270317733287811279e-01
1.278105527162551880e-01
1.346993744373321533e-01
1.185518503189086914e-01
1.339445114135742188e-01
1.260387897491455078e-01
1.692321151494979858e-01
1.264389157295227051e-01
1.299509406089782715e-01
1.246330291032791138e-01
1.186540871858596802e-01
1.851988583803176880e-01
1.259167492389678955e-01
1.295902580022811890e-01
1.245068460702896118e-01
1.208562776446342468e-01
1.366023272275924683e-01
1.411810964345932007e-01
1.257798969745635986e-01
1.364423781633377075e-01
1.180769950151443481e-01
1.341432631015777588e-01
1.480263024568557739e-01
1.443038284778594971e-01
1.257794797420501709e-01
1.488524973392486572e-01
1.256201714277267456e-01
1.241919025778770447e-01
1.422601789236068726e-01
1.285853087902069092e-01
1.122831106185913086e-01
1.276965290307998657e-01
1.235455647110939026e-01
1.273231208324432373e-01
1.272513866424560547e-01
1.186095625162124634e-01
1.348396092653274536e-01
1.140115782618522644e-01
1.410174816846847534e-01
1.157601028680801392e-01
1.241944208741188049e-01
1.203585192561149597e-01
1.501067876815795898e-01
1.395063847303390503e-01
1.463525146245956421e-01
1.286315768957138062e-01
1.122022271156311035e-01
1.173173114657402039e-01
1.171454787254333496e-01
1.191757470369338989e-01
1.179314628243446350e-01
1.448581516742706299e-01
1.613980978727340698e-01
1.274515837430953979e-01
1.484376639127731323e-01
1.268492192029953003e-01
1.373908370733261108e-01
1.305087506771087646e-01
1.191106811165809631e-01
1.343807727098464966e-01
1.164248585700988770e-01
1.312423348426818848e-01
1.239064484834671021e-01
1.275906860828399658e-01
1.137284860014915466e-01
1.316263228654861450e-01
1.128864288330078125e-01
1.438225060701370239e-01
1.243406087160110474e-01
1.413353681564331055e-01
1.203548088669776917e-01
1.433755457401275635e-01
1.205937787890434265e-01
1.362176388502120972e-01
1.288124769926071167e-01
1.144517585635185242e-01
1.179762706160545349e-01
1.204352974891662598e-01
1.364336013793945312e-01
1.534240543842315674e-01
1.308074444532394409e-01
1.078343540430068970e-01
1.256244033575057983e-01
1.095228791236877441e-01
1.312617361545562744e-01
1.364207863807678223e-01
1.094647049903869629e-01
1.189670190215110779e-01
2.200707048177719116e-01
1.395433396100997925e-01
1.283911466598510742e-01
1.142629906535148621e-01
1.094172373414039612e-01
1.314587593078613281e-01
1.438771337270736694e-01
1.374987959861755371e-01
1.095913872122764587e-01
1.195667535066604614e-01
1.450510770082473755e-01
1.267467886209487915e-01
1.294572353363037109e-01
1.332594603300094604e-01
1.372010558843612671e-01
1.294248104095458984e-01
1.219149008393287659e-01
1.113976612687110901e-01
1.667985171079635620e-01
1.272089779376983643e-01
1.251511573791503906e-01
1.235313192009925842e-01
1.096664443612098694e-01
1.098310723900794983e-01
1.279548257589340210e-01
1.232312694191932678e-01
1.402587294578552246e-01
1.512340307235717773e-01
1.286738663911819458e-01
1.250290125608444214e-01
1.244402453303337097e-01
1.274077594280242920e-01
1.571587622165679932e-01
1.177718415856361389e-01
1.198284626007080078e-01
1.574132144451141357e-01
1.445638686418533325e-01
1.208086833357810974e-01
1.061491742730140686e-01
1.118976622819900513e-01
1.215213760733604431e-01
1.066235825419425964e-01
1.121636629104614258e-01
1.323834657669067383e-01
1.199986934661865234e-01
1.281295567750930786e-01
1.156581640243530273e-01
1.103643700480461121e-01
1.461231559514999390e-01
1.289835423231124878e-01
1.088637039065361023e-01
1.150239706039428711e-01
1.433597356081008911e-01
1.251545846462249756e-01
1.092301160097122192e-01
1.433231532573699951e-01
1.039491444826126099e-01
1.328815221786499023e-01
1.264986991882324219e-01
1.199730187654495239e-01
1.113212108612060547e-01
1.382044851779937744e-01
1.068723201751708984e-01
1.157944351434707642e-01
1.219411641359329224e-01
1.244222447276115417e-01
1.051301285624504089e-01
1.201263666152954102e-01
1.173826828598976135e-01
1.143968105316162109e-01
1.245147213339805603e-01
1.203606650233268738e-01
1.253062486648559570e-01
1.206379532814025879e-01
1.175511404871940613e-01
1.074811741709709167e-01
1.344207376241683960e-01
1.232704445719718933e-01
1.167423129081726074e-01
1.107094287872314453e-01
1.134326457977294922e-01
1.241174265742301941e-01
1.205866858363151550e-01
1.471148282289505005e-01
1.284347623586654663e-01
1.167152151465415955e-01
1.059046536684036255e-01
1.165974736213684082e-01
1.296895593404769897e-01
1.712751686573028564e-01
1.070102974772453308e-01
1.262983530759811401e-01
1.448519676923751831e-01
9.965081512928009033e-02
1.180111691355705261e-01
1.126173511147499084e-01
1.161255985498428345e-01
1.411321610212326050e-01
1.182349696755409241e-01
1.241613999009132385e-01
1.413505673408508301e-01
1.116520538926124573e-01
1.071764379739761353e-01
1.109257936477661133e-01
1.172690913081169128e-01
1.076152846217155457e-01
1.672908812761306763e-01
1.164118051528930664e-01
1.101603507995605469e-01
1.254526823759078979e-01
1.094719171524047852e-01
1.363747268915176392e-01
1.117046847939491272e-01
1.051459535956382751e-01
1.034787818789482117e-01
1.261235177516937256e-01
1.114273443818092346e-01
1.045057326555252075e-01
1.394231617450714111e-01
1.144703403115272522e-01
1.228549480438232422e-01
1.097224727272987366e-01
1.067855507135391235e-01
1.194774284958839417e-01
1.677573919296264648e-01
1.188487783074378967e-01
1.047618761658668518e-01
1.246939226984977722e-01
9.699514508247375488e-02
1.105450168251991272e-01
1.039891242980957031e-01
1.324239075183868408e-01
1.109156832098960876e-01
1.058696731925010681e-01
1.336794346570968628e-01
1.079263314604759216e-01
1.040101796388626099e-01
9.530091285705566406e-02
1.205527558922767639e-01
1.254072487354278564e-01
1.130352988839149475e-01
1.032608747482299805e-01
1.045049428939819336e-01
1.123173981904983521e-01
1.079638153314590454e-01
1.147893443703651428e-01
1.254943460226058960e-01
1.177817359566688538e-01
1.374841183423995972e-01
1.237739324569702148e-01
1.001956835389137268e-01
1.289954930543899536e-01
1.332675665616989136e-01
1.125109419226646423e-01
1.185960993170738220e-01
1.073206067085266113e-01
1.153938397765159607e-01
1.079097315669059753e-01
1.077444329857826233e-01
1.446649879217147827e-01
1.292966157197952271e-01
1.033116206526756287e-01
1.073808297514915466e-01
1.203546151518821716e-01
1.058439537882804871e-01
1.090960279107093811e-01
1.213881745934486389e-01
1.120921149849891663e-01
1.143933311104774475e-01
1.030065566301345825e-01
1.117936894297599792e-01
1.207405328750610352e-01
1.201398894190788269e-01
1.226795688271522522e-01
1.095922514796257019e-01
1.353014260530471802e-01
9.696512669324874878e-02
1.011923775076866150e-01
1.156604513525962830e-01
1.229049712419509888e-01
1.611242890357971191e-01
1.333009302616119385e-01
1.271164119243621826e-01
9.658148139715194702e-02
1.367636471986770630e-01
1.025729402899742126e-01
1.112628951668739319e-01
1.043235808610916138e-01
1.117720603942871094e-01
1.073831543326377869e-01
1.231719031929969788e-01
1.010946258902549744e-01
1.070860177278518677e-01
1.058854088187217712e-01
1.167156472802162170e-01
1.457624137401580811e-01
1.093731522560119629e-01
1.262385696172714233e-01
1.232826337218284607e-01
1.057582125067710876e-01
1.046676859259605408e-01
1.209321990609169006e-01
1.011406108736991882e-01
9.696383774280548096e-02
1.083339974284172058e-01
9.245134890079498291e-02
1.126196011900901794e-01
1.130238100886344910e-01
1.137170195579528809e-01
1.109069809317588806e-01
1.097675189375877380e-01
1.084271892905235291e-01
1.081607937812805176e-01
1.001064926385879517e-01
1.298952251672744751e-01
1.084471493959426880e-01
1.247864142060279846e-01
1.116724237799644470e-01
1.126497536897659302e-01
1.184635534882545471e-01
9.907281398773193359e-02
1.037819311022758484e-01
1.074268221855163574e-01
9.447606652975082397e-02
1.100828647613525391e-01
1.158334761857986450e-01
1.129042655229568481e-01
1.246957182884216309e-01
1.055613905191421509e-01
1.287578195333480835e-01
1.169736906886100769e-01
1.100631132721900940e-01
1.049173846840858459e-01
9.756051748991012573e-02
1.071992516517639160e-01
1.132534146308898926e-01
9.649622440338134766e-02
1.293151825666427612e-01
1.101138368248939514e-01
1.119743362069129944e-01
1.080077886581420898e-01
1.159160360693931580e-01
1.063344702124595642e-01
1.297460794448852539e-01
9.647984057664871216e-02
1.499235183000564575e-01
1.098061129450798035e-01
1.263940781354904175e-01
1.146695837378501892e-01
1.048083305358886719e-01
1.134862452745437622e-01
1.127014905214309692e-01
1.117356419563293457e-01
1.461326777935028076e-01
1.146678254008293152e-01
9.722139686346054077e-02
9.417614340782165527e-02
1.158731803297996521e-01
9.636653959751129150e-02
1.010349318385124207e-01
1.243533566594123840e-01
9.770760685205459595e-02
1.181105971336364746e-01
1.013054400682449341e-01
9.259294718503952026e-02
9.816224128007888794e-02
1.254261285066604614e-01
1.034691855311393738e-01
1.006028056144714355e-01
9.938819706439971924e-02
1.266609728336334229e-01
1.262793391942977905e-01
1.161048337817192078e-01
1.324636042118072510e-01
1.267449259757995605e-01
1.028111502528190613e-01
1.059270873665809631e-01
1.028931662440299988e-01
9.955402463674545288e-02
9.586944431066513062e-02
1.209849938750267029e-01
1.044602170586585999e-01
9.696016460657119751e-02
1.076157316565513611e-01
9.852554649114608765e-02
1.050271317362785339e-01
1.011125370860099792e-01
1.097650155425071716e-01
1.084133982658386230e-01
1.018541604280471802e-01
1.091287359595298767e-01
1.056213378906250000e-01
1.050753146409988403e-01
1.115429401397705078e-01
9.315688908100128174e-02
1.109665408730506897e-01
1.594475060701370239e-01
9.560383856296539307e-02
1.393884271383285522e-01
1.110307127237319946e-01
1.041327342391014099e-01
1.287400722503662109e-01
9.359832108020782471e-02
1.122229471802711487e-01
1.207896694540977478e-01
1.038000807166099548e-01
1.049748212099075317e-01
9.901823103427886963e-02
1.220240592956542969e-01
1.122876405715942383e-01
1.096027418971061707e-01
1.115263924002647400e-01
1.055308729410171509e-01
1.191494241356849670e-01
1.024192348122596741e-01
1.046042442321777344e-01
1.478265225887298584e-01
1.092904806137084961e-01
1.035828739404678345e-01
1.042138710618019104e-01
1.170122623443603516e-01
1.296337395906448364e-01
1.300569623708724976e-01
1.154457554221153259e-01
1.392560750246047974e-01
1.052798256278038025e-01
1.140561625361442566e-01
1.182916983962059021e-01
1.026501283049583435e-01
1.310503780841827393e-01
1.223592087626457214e-01
9.931682050228118896e-02
1.038665995001792908e-01
1.127365380525588989e-01
1.016168370842933655e-01
1.026156693696975708e-01
1.266983747482299805e-01
1.059329062700271606e-01
1.097066029906272888e-01
1.009522676467895508e-01
9.485851228237152100e-02
8.819451183080673218e-02
9.339096397161483765e-02
9.747145324945449829e-02
1.200492754578590393e-01
1.085305735468864441e-01
1.178686842322349548e-01
1.099078282713890076e-01
1.041896343231201172e-01
9.267710894346237183e-02
1.331475079059600830e-01
1.010905429720878601e-01
9.909725189208984375e-02
1.013865470886230469e-01
1.024800688028335571e-01
1.020126119256019592e-01
1.036431118845939636e-01
9.911303967237472534e-02
1.129626557230949402e-01
1.138105168938636780e-01
1.080693975090980530e-01
1.129590496420860291e-01
1.133321300148963928e-01
1.260289251804351807e-01
1.602628529071807861e-01
1.083509251475334167e-01
1.092576161026954651e-01
9.466991573572158813e-02
1.073492541909217834e-01
1.082554608583450317e-01
1.249898895621299744e-01
1.202068701386451721e-01
9.578137844800949097e-02
1.012799069285392761e-01
9.091252833604812622e-02
9.680857509374618530e-02
1.107311844825744629e-01
9.337048232555389404e-02
1.107546612620353699e-01
9.452611953020095825e-02
1.106053143739700317e-01
1.046881452202796936e-01
1.089022904634475708e-01
1.084349080920219421e-01
1.161058545112609863e-01
9.328937530517578125e-02
1.109473258256912231e-01
1.019757986068725586e-01
9.969183057546615601e-02
1.070746928453445435e-01
9.283704310655593872e-02
1.213118061423301697e-01
9.306752681732177734e-02
1.117962375283241272e-01
1.061664223670959473e-01
9.635581821203231812e-02
9.670411795377731323e-02
1.115663424134254456e-01
9.249486774206161499e-02
1.182416006922721863e-01
9.156928211450576782e-02
9.333038330078125000e-02
9.685476869344711304e-02
1.090599820017814636e-01
9.380672127008438110e-02
9.321203827857971191e-02
1.146824285387992859e-01
1.135298833250999451e-01
9.433661401271820068e-02
1.128401085734367371e-01
9.688463062047958374e-02
1.020821854472160339e-01
9.380198270082473755e-02
9.633956104516983032e-02
1.339989006519317627e-01
1.223119720816612244e-01
1.164202243089675903e-01
1.108788177371025085e-01
1.073557958006858826e-01
1.019167676568031311e-01
1.220363676548004150e-01
9.536194056272506714e-02
9.800412505865097046e-02
9.810716658830642700e-02
1.319794654846191406e-01
1.093484684824943542e-01
1.040901541709899902e-01
1.117966696619987488e-01
1.036506891250610352e-01
9.489106386899948120e-02
1.013947352766990662e-01
1.073052883148193359e-01
1.034347042441368103e-01
9.112133830785751343e-02
1.067838445305824280e-01
1.043846160173416138e-01
1.026298999786376953e-01
9.948319196701049805e-02
9.790524095296859741e-02
1.018480807542800903e-01
9.796183556318283081e-02
1.009766086935997009e-01
9.942406415939331055e-02
9.859002381563186646e-02
9.664594382047653198e-02
9.664350748062133789e-02
1.122417226433753967e-01
9.544160962104797363e-02
9.291734546422958374e-02
8.459953963756561279e-02
9.448715299367904663e-02
9.833955019712448120e-02
9.274008870124816895e-02
9.824920445680618286e-02
9.341981261968612671e-02
8.369516581296920776e-02
1.025819927453994751e-01
1.107694134116172791e-01
1.071204170584678650e-01
8.655992895364761353e-02
1.268910020589828491e-01
1.009591966867446899e-01
9.748376160860061646e-02
1.253291517496109009e-01
9.898302704095840454e-02
1.223923116922378540e-01
1.013806611299514771e-01
9.457161277532577515e-02
1.290016323328018188e-01
1.175481602549552917e-01
9.634063392877578735e-02
9.369113296270370483e-02
9.930699318647384644e-02
1.722448319196701050e-01
1.119016781449317932e-01
9.675373882055282593e-02
8.372553437948226929e-02
1.087070629000663757e-01
8.791222423315048218e-02
1.029124259948730469e-01
1.012734174728393555e-01
9.036909043788909912e-02
1.074978485703468323e-01
1.069047003984451294e-01
9.893705695867538452e-02
1.069385409355163574e-01
9.726092964410781860e-02
1.017255336046218872e-01
1.043558940291404724e-01
9.615800529718399048e-02
1.054240241646766663e-01
9.262176603078842163e-02
8.553063869476318359e-02
9.995426237583160400e-02
9.686928242444992065e-02
1.002377420663833618e-01
9.553267806768417358e-02
1.165879294276237488e-01
1.255605965852737427e-01
1.243968605995178223e-01
9.672036767005920410e-02
1.096629127860069275e-01
9.128367155790328979e-02
9.666178375482559204e-02
9.087455272674560547e-02
8.964367955923080444e-02
8.901556581258773804e-02
1.341728568077087402e-01
1.153430268168449402e-01
1.052931547164916992e-01
1.012890934944152832e-01
9.071461111307144165e-02
9.196647256612777710e-02
9.105077385902404785e-02
1.052807793021202087e-01
9.259316325187683105e-02
1.157129406929016113e-01
1.126935258507728577e-01
9.427133947610855103e-02
1.014271974563598633e-01
9.257648140192031860e-02
9.835819154977798462e-02
9.738341718912124634e-02
9.581396728754043579e-02
1.240420565009117126e-01
1.012262105941772461e-01
1.011428833007812500e-01
1.102982535958290100e-01
1.001614108681678772e-01
1.122697517275810242e-01
1.068843379616737366e-01
1.265517473220825195e-01
9.959471225738525391e-02
9.333961457014083862e-02
1.116804629564285278e-01
1.062905117869377136e-01
8.659677207469940186e-02
1.083269119262695312e-01
1.067903041839599609e-01
9.596957266330718994e-02
9.969278424978256226e-02
9.108033031225204468e-02
9.937428683042526245e-02
9.122916311025619507e-02
9.347914904356002808e-02
1.532151997089385986e-01
9.252896159887313843e-02
1.055405363440513611e-01
8.612473309040069580e-02
1.000578328967094421e-01
9.862997382879257202e-02
1.133235245943069458e-01
9.887113422155380249e-02
1.102051958441734314e-01
9.807495027780532837e-02
8.991464972496032715e-02
1.212564036250114441e-01
8.968215435743331909e-02
9.830328077077865601e-02
1.431625336408615112e-01
9.254825115203857422e-02
9.003303200006484985e-02
1.081526800990104675e-01
1.089032068848609924e-01
1.011050492525100708e-01
8.851895481348037720e-02
1.120589524507522583e-01
9.506243467330932617e-02
9.459897130727767944e-02
9.605957567691802979e-02
1.004298105835914612e-01
9.819233417510986328e-02
1.004069074988365173e-01
1.101096272468566895e-01
1.018865704536437988e-01
9.275974333286285400e-02
9.830688685178756714e-02
9.483001381158828735e-02
1.847303211688995361e-01
1.011171117424964905e-01
9.422586113214492798e-02
9.698262810707092285e-02
8.980175852775573730e-02
9.991941601037979126e-02
9.749641269445419312e-02
1.048150435090065002e-01
1.013673096895217896e-01
9.356676787137985229e-02
1.202057823538780212e-01
9.523067623376846313e-02
9.676265716552734375e-02
1.555928438901901245e-01
9.822233766317367554e-02
9.531012922525405884e-02
9.305221587419509888e-02
9.550505876541137695e-02
8.717610687017440796e-02
8.999078720808029175e-02
9.850075095891952515e-02
8.507268875837326050e-02
9.814578294754028320e-02
9.821473807096481323e-02
1.022162660956382751e-01
1.409712135791778564e-01
1.033660769462585449e-01
8.807082474231719971e-02
1.132896915078163147e-01
9.376596659421920776e-02
9.728980064392089844e-02
8.935687690973281860e-02
1.039158329367637634e-01
9.985520690679550171e-02
9.616277366876602173e-02
1.073011383414268494e-01
1.116313934326171875e-01
1.005823016166687012e-01
8.195362985134124756e-02
1.838598251342773438e-01
9.601542353630065918e-02
9.423031657934188843e-02
1.046723052859306335e-01
9.854834526777267456e-02
1.123800799250602722e-01
1.013316065073013306e-01
8.891966193914413452e-02
9.335211664438247681e-02
9.088977426290512085e-02
9.814114868640899658e-02
9.358431398868560791e-02
9.917724132537841797e-02
1.029109954833984375e-01
8.394321054220199585e-02
9.030744433403015137e-02
9.435944259166717529e-02
9.227588027715682983e-02
9.815661609172821045e-02
9.390740841627120972e-02
8.525191992521286011e-02
8.762063831090927124e-02
8.655563741922378540e-02
1.092939749360084534e-01
8.375501632690429688e-02
1.020134016871452332e-01
8.723707497119903564e-02
1.056541576981544495e-01
8.698636293411254883e-02
9.958133101463317871e-02
1.027902960777282715e-01
9.134318679571151733e-02
9.295867383480072021e-02
1.025856137275695801e-01
8.940277993679046631e-02
9.281425923109054565e-02
1.116538643836975098e-01
9.034647792577743530e-02
9.901562333106994629e-02
8.468546718358993530e-02
9.152709692716598511e-02
8.162666857242584229e-02
9.181942045688629150e-02
9.740799665451049805e-02
1.072191521525382996e-01
1.085923686623573303e-01
9.644578397274017334e-02
9.563098102807998657e-02
8.976379781961441040e-02
9.191578626632690430e-02
9.300379455089569092e-02
9.719658643007278442e-02
8.776922523975372314e-02
9.191317856311798096e-02
9.610768407583236694e-02
1.284673213958740234e-01
1.109237894415855408e-01
8.552353829145431519e-02
8.705484867095947266e-02
9.304989129304885864e-02
8.149708807468414307e-02
9.004510194063186646e-02
8.723367750644683838e-02
9.334691613912582397e-02
7.908715307712554932e-02
9.359812736511230469e-02
8.589135855436325073e-02
8.494189381599426270e-02
9.313099831342697144e-02
1.090952381491661072e-01
9.119279682636260986e-02
1.046438142657279968e-01
9.072356671094894409e-02
8.706131577491760254e-02
7.929258793592453003e-02
8.577965945005416870e-02
1.218004450201988220e-01
9.605410695075988770e-02
8.196552842855453491e-02
8.428552001714706421e-02
8.627533167600631714e-02
8.128106594085693359e-02
1.241642981767654419e-01
9.411598742008209229e-02
9.113534539937973022e-02
8.939953148365020752e-02
8.799077570438385010e-02
1.076559573411941528e-01
7.883087545633316040e-02
8.917009830474853516e-02
8.669710904359817505e-02
1.050049662590026855e-01
9.788437932729721069e-02
9.482549875974655151e-02
1.137293726205825806e-01
8.886823058128356934e-02
8.551710098981857300e-02
8.596843481063842773e-02
1.241173073649406433e-01
9.646388888359069824e-02
1.022250056266784668e-01
7.970230281352996826e-02
9.448726475238800049e-02
7.963157445192337036e-02
1.016467213630676270e-01
7.450874149799346924e-02
1.023821830749511719e-01
9.543042629957199097e-02
8.285538852214813232e-02
1.200936436653137207e-01
1.020556241273880005e-01
8.863560110330581665e-02
8.967053145170211792e-02
9.624393284320831299e-02
1.024931445717811584e-01
8.721128106117248535e-02
9.250851720571517944e-02
1.007183790206909180e-01
8.066779375076293945e-02
8.483207970857620239e-02
8.819665014743804932e-02
1.013580113649368286e-01
9.695956110954284668e-02
9.421977400779724121e-02
7.626914232969284058e-02
8.847452700138092041e-02
9.340079128742218018e-02
9.095754474401473999e-02
8.604701608419418335e-02
9.563393890857696533e-02
1.057903692126274109e-01
8.221944421529769897e-02
9.698393195867538452e-02
9.491554647684097290e-02
7.768730074167251587e-02
8.437967300415039062e-02
8.939173072576522827e-02
8.520242571830749512e-02
8.598598092794418335e-02
8.746407181024551392e-02
8.999326080083847046e-02
8.961328119039535522e-02
1.024716645479202271e-01
8.681432157754898071e-02
8.859143406152725220e-02
8.929878473281860352e-02
9.997646510601043701e-02
8.449734002351760864e-02
8.774851262569427490e-02
1.153820902109146118e-01
8.242119848728179932e-02
8.294463902711868286e-02
7.962603867053985596e-02
8.630313724279403687e-02
8.227200061082839966e-02
8.542602509260177612e-02
8.018739521503448486e-02
1.165294796228408813e-01
8.115693181753158569e-02
7.938548922538757324e-02
8.557239174842834473e-02
8.645898848772048950e-02
9.750705957412719727e-02
9.010215848684310913e-02
1.117625758051872253e-01
8.968233317136764526e-02
9.100981056690216064e-02
9.413780272006988525e-02
1.200114637613296509e-01
1.073476672172546387e-01
9.716425836086273193e-02
8.686480671167373657e-02
9.684740751981735229e-02
1.007454022765159607e-01
8.809898048639297485e-02
9.884792566299438477e-02
8.303929865360260010e-02
9.061063826084136963e-02
8.276902884244918823e-02
7.789709419012069702e-02
9.734035283327102661e-02
8.319123089313507080e-02
8.961080014705657959e-02
8.454038947820663452e-02
8.826547861099243164e-02
1.273736059665679932e-01
9.771186113357543945e-02
8.232124894857406616e-02
8.375665545463562012e-02
1.153737232089042664e-01
7.844378054141998291e-02
9.958495944738388062e-02
8.594939857721328735e-02
8.522555977106094360e-02
8.061871677637100220e-02
9.208952635526657104e-02
8.497080951929092407e-02
8.356323838233947754e-02
8.582847565412521362e-02
8.166103810071945190e-02
9.523349255323410034e-02
8.725342154502868652e-02
9.450508654117584229e-02
9.026674926280975342e-02
8.740721642971038818e-02
8.415617793798446655e-02
9.557259082794189453e-02
9.098514169454574585e-02
8.395832777023315430e-02
8.415674418210983276e-02
8.642292767763137817e-02
9.220533818006515503e-02
7.470746338367462158e-02
1.029529571533203125e-01
7.737203687429428101e-02
7.690432667732238770e-02
8.784743398427963257e-02
9.042591601610183716e-02
9.243080765008926392e-02
9.186576306819915771e-02
7.568397372961044312e-02
8.512007445096969604e-02
9.532041102647781372e-02
8.567533642053604126e-02
9.811677783727645874e-02
9.679090976715087891e-02
8.974583446979522705e-02
9.597583115100860596e-02
9.311801940202713013e-02
8.746639639139175415e-02
1.116686612367630005e-01
8.731081336736679077e-02
7.999151200056076050e-02
8.208399266004562378e-02
1.130206212401390076e-01
8.286083489656448364e-02
8.341491222381591797e-02
7.974515855312347412e-02
8.855954557657241821e-02
8.573826402425765991e-02
8.436577022075653076e-02
1.085767149925231934e-01
9.908320754766464233e-02
9.242447465658187866e-02
9.020113945007324219e-02
1.233360990881919861e-01
7.879767566919326782e-02
8.500418066978454590e-02
8.359915018081665039e-02
8.221294730901718140e-02
9.602937102317810059e-02
1.012104749679565430e-01
1.069113016128540039e-01
8.187571913003921509e-02
9.696934372186660767e-02
1.128103956580162048e-01
1.013274788856506348e-01
7.909569889307022095e-02
8.846948295831680298e-02
1.071145161986351013e-01
9.653092920780181885e-02
8.788440376520156860e-02
7.688680291175842285e-02
1.047961041331291199e-01
8.785342425107955933e-02
9.737137705087661743e-02
9.577079117298126221e-02
9.097649157047271729e-02
1.094261631369590759e-01
9.703528136014938354e-02
9.637010842561721802e-02
8.365112543106079102e-02
7.818462699651718140e-02
7.977242022752761841e-02
9.861448407173156738e-02
8.172815293073654175e-02
8.632094413042068481e-02
8.422531932592391968e-02
1.191176548600196838e-01
9.357720613479614258e-02
9.583292156457901001e-02
8.152855187654495239e-02
9.633159637451171875e-02
8.592429757118225098e-02
7.894724607467651367e-02
7.753361016511917114e-02
1.059523224830627441e-01
1.026212945580482483e-01
8.637126535177230835e-02
7.728734612464904785e-02
8.386933058500289917e-02
7.385420054197311401e-02
7.797936350107192993e-02
1.035698428750038147e-01
1.210527047514915466e-01
9.142483770847320557e-02
7.827875763177871704e-02
8.092895150184631348e-02
7.710184156894683838e-02
7.793132960796356201e-02
8.501934260129928589e-02
7.595383375883102417e-02
8.005177229642868042e-02
8.781397342681884766e-02
8.600100129842758179e-02
9.281080216169357300e-02
8.868986368179321289e-02
8.855579793453216553e-02
9.476143121719360352e-02
1.002057343721389771e-01
7.674290239810943604e-02
8.330978453159332275e-02
8.901951462030410767e-02
9.146758168935775757e-02
1.080768853425979614e-01
1.162209734320640564e-01
7.692469656467437744e-02
1.077060475945472717e-01
8.258622884750366211e-02
8.457062393426895142e-02
1.012599021196365356e-01
8.336004614830017090e-02
8.857399225234985352e-02
8.131179958581924438e-02
7.437058538198471069e-02
9.416692703962326050e-02
7.676666975021362305e-02
9.830572456121444702e-02
7.938151061534881592e-02
1.151664778590202332e-01
7.682105153799057007e-02
9.696219116449356079e-02
7.727145403623580933e-02
9.090877324342727661e-02
9.065603464841842651e-02
9.586178511381149292e-02
9.284701943397521973e-02
8.106935024261474609e-02
1.084990426898002625e-01
8.702993392944335938e-02
7.957170158624649048e-02
9.290955215692520142e-02
1.085921525955200195e-01
7.709775120019912720e-02
7.962003350257873535e-02
8.745174109935760498e-02
9.999688714742660522e-02
7.519005984067916870e-02
8.009102195501327515e-02
8.281666040420532227e-02
8.294067531824111938e-02
9.000318497419357300e-02
8.260976523160934448e-02
8.921070396900177002e-02
1.087003126740455627e-01
1.034244447946548462e-01
7.519276440143585205e-02
8.848781883716583252e-02
9.371500462293624878e-02
8.958477526903152466e-02
1.023168116807937622e-01
7.801693677902221680e-02
8.164884895086288452e-02
7.871421426534652710e-02
9.406307339668273926e-02
8.589138835668563843e-02
9.833512455224990845e-02
9.474279731512069702e-02
9.878678619861602783e-02
7.698869705200195312e-02
8.729470521211624146e-02
7.838182896375656128e-02
8.391851186752319336e-02
7.819585502147674561e-02
8.409687876701354980e-02
9.439273178577423096e-02
7.151120901107788086e-02
7.716812193393707275e-02
7.472249120473861694e-02
8.413510024547576904e-02
8.375713974237442017e-02
8.561295270919799805e-02
8.363710343837738037e-02
8.886553347110748291e-02
7.551471143960952759e-02
7.508089393377304077e-02
8.622068166732788086e-02
9.632745385169982910e-02
8.107518404722213745e-02
1.011212840676307678e-01
9.112089127302169800e-02
7.993461936712265015e-02
8.406343311071395874e-02
1.416050195693969727e-01
8.524006605148315430e-02
8.041059970855712891e-02
9.878458827733993530e-02
9.263458102941513062e-02
8.225087076425552368e-02
1.045746803283691406e-01
9.011697769165039062e-02
8.595352619886398315e-02
9.913469105958938599e-02
7.941794395446777344e-02
8.000961691141128540e-02
7.821477949619293213e-02
8.842542767524719238e-02
7.795415818691253662e-02
8.986498415470123291e-02
8.367138355970382690e-02
7.339957356452941895e-02
7.252899557352066040e-02
8.870392292737960815e-02
7.362417131662368774e-02
7.606401294469833374e-02
8.280103653669357300e-02
8.637803792953491211e-02
7.806999981403350830e-02
8.165400475263595581e-02
7.687347382307052612e-02
7.763934880495071411e-02
8.424256742000579834e-02
7.492120563983917236e-02
9.209974855184555054e-02
7.658208161592483521e-02
9.387743473052978516e-02
7.963608950376510620e-02
8.644329756498336792e-02
1.203481331467628479e-01
8.477595448493957520e-02
8.638944476842880249e-02
7.680835574865341187e-02
8.677952736616134644e-02
9.634755551815032959e-02
7.837478816509246826e-02
9.978037327527999878e-02
8.817142248153686523e-02
1.152962446212768555e-01
8.080552518367767334e-02
7.745831459760665894e-02
9.731342643499374390e-02
8.502751588821411133e-02
9.390789270401000977e-02
9.230957180261611938e-02
7.700967043638229370e-02
8.054953068494796753e-02
1.003039255738258362e-01
9.690812975168228149e-02
8.007729053497314453e-02
8.080615848302841187e-02
7.999586313962936401e-02
8.505824953317642212e-02
8.772982656955718994e-02
7.644363492727279663e-02
9.894482791423797607e-02
8.190982788801193237e-02
8.835743367671966553e-02
7.972460985183715820e-02
9.266298264265060425e-02
9.955481439828872681e-02
7.720585167407989502e-02
7.762765884399414062e-02
9.123510122299194336e-02
8.558943122625350952e-02
7.128600031137466431e-02
1.047551631927490234e-01
8.044958114624023438e-02
8.260484039783477783e-02
8.855491876602172852e-02
7.670621573925018311e-02
8.123830705881118774e-02
8.253011852502822876e-02
1.155776977539062500e-01
9.653722494840621948e-02
7.700914144515991211e-02
7.802540808916091919e-02
9.153936058282852173e-02
8.131801337003707886e-02
7.897298783063888550e-02
8.185940235853195190e-02
8.380210399627685547e-02
7.784443348646163940e-02
8.520709723234176636e-02
8.240051567554473877e-02
7.616453617811203003e-02
9.078229963779449463e-02
8.126538246870040894e-02
1.092593669891357422e-01
1.068002209067344666e-01
8.584385365247726440e-02
7.966818660497665405e-02
7.652348279953002930e-02
8.130704611539840698e-02
8.933467417955398560e-02
8.018269389867782593e-02
9.294040501117706299e-02
9.528657048940658569e-02
7.908254861831665039e-02
8.479750156402587891e-02
8.101510256528854370e-02
7.592823356389999390e-02
7.302203029394149780e-02
9.488170593976974487e-02
9.074514359235763550e-02
7.705464959144592285e-02
7.760297507047653198e-02
8.745137602090835571e-02
8.449655771255493164e-02
7.104764133691787720e-02
9.636761248111724854e-02
7.417758554220199585e-02
8.797385543584823608e-02
9.013512730598449707e-02
8.234658092260360718e-02
7.491953670978546143e-02
8.079158514738082886e-02
8.098348230123519897e-02
8.447320014238357544e-02
7.343801110982894897e-02
7.470165938138961792e-02
8.887121826410293579e-02
8.752952516078948975e-02
9.746582061052322388e-02
8.009615540504455566e-02
7.930904626846313477e-02
8.072143048048019409e-02
7.296978682279586792e-02
8.341147750616073608e-02
7.196003943681716919e-02
6.921213120222091675e-02
7.400260120630264282e-02
8.185168355703353882e-02
6.922377645969390869e-02
9.265907853841781616e-02
1.002157330513000488e-01
8.660002797842025757e-02
9.285668283700942993e-02
9.201679378747940063e-02
8.486475795507431030e-02
8.839655667543411255e-02
9.231813251972198486e-02
8.188103884458541870e-02
8.794753998517990112e-02
8.984712511301040649e-02
1.099310442805290222e-01
7.866819202899932861e-02
7.474677264690399170e-02
8.537375181913375854e-02
8.228956162929534912e-02
1.097143217921257019e-01
7.855135202407836914e-02
8.728674799203872681e-02
7.241274416446685791e-02
7.847420126199722290e-02
9.592137485742568970e-02
8.443362265825271606e-02
7.967960834503173828e-02
8.109933882951736450e-02
7.891573756933212280e-02
8.413731306791305542e-02
8.156725019216537476e-02
8.858870714902877808e-02
7.014313340187072754e-02
8.404444903135299683e-02
7.687691599130630493e-02
7.630904763936996460e-02
9.203469008207321167e-02
8.572389930486679077e-02
9.153085947036743164e-02
7.523056119680404663e-02
7.273884862661361694e-02
8.149997144937515259e-02
8.278241008520126343e-02
7.514829188585281372e-02
9.196513146162033081e-02
8.212924003601074219e-02
8.985194563865661621e-02
7.182990759611129761e-02
8.150015026330947876e-02
8.022943139076232910e-02
1.056804880499839783e-01
8.838766813278198242e-02
8.675698190927505493e-02
8.842817693948745728e-02
7.299880683422088623e-02
6.979646533727645874e-02
7.265163958072662354e-02
8.766918629407882690e-02
7.547370344400405884e-02
7.124345749616622925e-02
7.280202209949493408e-02
8.095486462116241455e-02
8.768212050199508667e-02
9.224323183298110962e-02
7.953600585460662842e-02
8.241786062717437744e-02
8.948041498661041260e-02
7.240920513868331909e-02
8.215052634477615356e-02
8.296717703342437744e-02
7.156272977590560913e-02
1.009162440896034241e-01
7.543001323938369751e-02
7.216551154851913452e-02
