9.852367639541625977e-01
8.933033347129821777e-01
8.738096356391906738e-01
7.992649674415588379e-01
8.167964816093444824e-01
7.146308422088623047e-01
7.027350664138793945e-01
7.575125694274902344e-01
6.841047406196594238e-01
6.954805850982666016e-01
6.754477024078369141e-01
6.609005928039550781e-01
6.093369722366333008e-01
6.174972653388977051e-01
5.816960334777832031e-01
5.605428218841552734e-01
5.511771440505981445e-01
5.692846179008483887e-01
5.575792193412780762e-01
5.617176294326782227e-01
5.326849222183227539e-01
5.111498832702636719e-01
6.118203401565551758e-01
5.592854619026184082e-01
5.421509742736816406e-01
5.202103257179260254e-01
5.426561832427978516e-01
5.055394172668457031e-01
4.966734945774078369e-01
4.748454689979553223e-01
4.720957875251770020e-01
4.897052943706512451e-01
5.327126383781433105e-01
4.654126167297363281e-01
4.669319689273834229e-01
5.034375190734863281e-01
4.923360943794250488e-01
5.108032226562500000e-01
4.680713117122650146e-01
4.675030410289764404e-01
4.645741879940032959e-01
4.568871557712554932e-01
4.505327343940734863e-01
4.735739827156066895e-01
4.499677121639251709e-01
4.569288194179534912e-01
5.262371897697448730e-01
4.485133588314056396e-01
4.551413655281066895e-01
4.233337342739105225e-01
4.452560544013977051e-01
4.641832411289215088e-01
4.517598152160644531e-01
4.528043866157531738e-01
4.614972174167633057e-01
4.758749902248382568e-01
4.228757321834564209e-01
4.350791573524475098e-01
4.591550827026367188e-01
4.375781118869781494e-01
4.267891049385070801e-01
4.217610061168670654e-01
4.366912841796875000e-01
4.692450463771820068e-01
4.325020909309387207e-01
4.231088757514953613e-01
5.003042817115783691e-01
4.255370199680328369e-01
4.470774829387664795e-01
4.639456868171691895e-01
4.809124469757080078e-01
4.263120889663696289e-01
4.419190585613250732e-01
4.706987440586090088e-01
5.053429007530212402e-01
4.523096084594726562e-01
4.314069449901580811e-01
4.204604327678680420e-01
4.717985093593597412e-01
4.162625372409820557e-01
4.030280113220214844e-01
4.231824874877929688e-01
4.199982285499572754e-01
4.264596402645111084e-01
4.066190719604492188e-01
4.212432801723480225e-01
3.876951634883880615e-01
4.280333518981933594e-01
4.005279541015625000e-01
4.015155434608459473e-01
5.110582709312438965e-01
4.248220920562744141e-01
4.111251831054687500e-01
3.960936367511749268e-01
4.497227668762207031e-01
4.339026510715484619e-01
4.390982687473297119e-01
4.397716522216796875e-01
4.248591363430023193e-01
4.049852788448333740e-01
3.825646340847015381e-01
4.027047157287597656e-01
4.603600203990936279e-01
4.385581612586975098e-01
3.967886567115783691e-01
4.088428616523742676e-01
4.037388861179351807e-01
4.188837110996246338e-01
4.722430408000946045e-01
4.103201031684875488e-01
4.068559110164642334e-01
3.971828222274780273e-01
4.050300717353820801e-01
4.190039634704589844e-01
4.834032952785491943e-01
3.765620887279510498e-01
3.915573060512542725e-01
4.012164175510406494e-01
3.941542208194732666e-01
3.964986205101013184e-01
4.208412170410156250e-01
4.060889780521392822e-01
4.074526727199554443e-01
4.290764331817626953e-01
3.997862040996551514e-01
4.107484817504882812e-01
4.124329090118408203e-01
3.850097358226776123e-01
3.860445320606231689e-01
4.263148307800292969e-01
4.288918673992156982e-01
3.896016776561737061e-01
3.912212550640106201e-01
4.269126057624816895e-01
3.960903584957122803e-01
3.935737013816833496e-01
3.838030993938446045e-01
4.032739102840423584e-01
4.133456647396087646e-01
3.682284951210021973e-01
4.304486811161041260e-01
4.201962649822235107e-01
4.181869924068450928e-01
3.744162619113922119e-01
4.001594483852386475e-01
4.018842875957489014e-01
4.193669259548187256e-01
3.826866149902343750e-01
4.002445340156555176e-01
3.787682950496673584e-01
3.786254823207855225e-01
4.976460635662078857e-01
4.254070222377777100e-01
4.076847136020660400e-01
3.855004906654357910e-01
3.862499892711639404e-01
4.015136659145355225e-01
4.006232321262359619e-01
3.945560157299041748e-01
3.817412257194519043e-01
3.777445256710052490e-01
4.462949931621551514e-01
4.186518788337707520e-01
3.680818676948547363e-01
3.720348775386810303e-01
4.259416759014129639e-01
4.020302891731262207e-01
3.675879538059234619e-01
3.971811234951019287e-01
3.937343955039978027e-01
3.686111569404602051e-01
4.195361137390136719e-01
4.147667884826660156e-01
4.365961551666259766e-01
4.018100798130035400e-01
4.278148710727691650e-01
3.964543640613555908e-01
4.380729794502258301e-01
3.797427415847778320e-01
3.863800168037414551e-01
3.844001889228820801e-01
3.963785767555236816e-01
3.764005303382873535e-01
4.609440863132476807e-01
3.643430769443511963e-01
3.821485042572021484e-01
4.280630648136138916e-01
3.662441670894622803e-01
3.944061696529388428e-01
3.698262572288513184e-01
3.939359784126281738e-01
3.541914522647857666e-01
3.643431663513183594e-01
3.502291738986968994e-01
3.828755319118499756e-01
3.815584182739257812e-01
4.335675835609436035e-01
3.680292665958404541e-01
4.653213620185852051e-01
3.691815137863159180e-01
4.526372849941253662e-01
3.974840342998504639e-01
3.920375108718872070e-01
3.978427648544311523e-01
3.964388072490692139e-01
3.872500360012054443e-01
4.085860252380371094e-01
3.887106478214263916e-01
3.826483190059661865e-01
3.975957334041595459e-01
3.749566078186035156e-01
4.492781758308410645e-01
3.603762090206146240e-01
3.827853202819824219e-01
4.293627738952636719e-01
3.667390048503875732e-01
4.023527801036834717e-01
3.519811332225799561e-01
3.667382895946502686e-01
4.059667289257049561e-01
3.896675705909729004e-01
3.991079032421112061e-01
3.872529864311218262e-01
3.905352950096130371e-01
3.810098469257354736e-01
3.594608902931213379e-01
4.275965690612792969e-01
3.998626172542572021e-01
3.993571400642395020e-01
3.813259899616241455e-01
4.320602118968963623e-01
4.227891564369201660e-01
3.734897375106811523e-01
4.197336733341217041e-01
3.974466621875762939e-01
3.951880931854248047e-01
3.633893728256225586e-01
3.692569732666015625e-01
3.832226991653442383e-01
3.821318447589874268e-01
3.844620585441589355e-01
3.776622414588928223e-01
3.776964545249938965e-01
3.593801558017730713e-01
3.850797414779663086e-01
3.447575271129608154e-01
3.882138729095458984e-01
3.768435120582580566e-01
4.170902669429779053e-01
4.413371980190277100e-01
3.559206724166870117e-01
4.179027676582336426e-01
3.927892148494720459e-01
4.257946610450744629e-01
3.641593158245086670e-01
4.063981473445892334e-01
3.678200840950012207e-01
4.325431883335113525e-01
3.824230432510375977e-01
3.769716322422027588e-01
4.120800197124481201e-01
3.605842590332031250e-01
3.737567365169525146e-01
3.606749773025512695e-01
3.886304199695587158e-01
3.611073791980743408e-01
3.735839426517486572e-01
4.114580750465393066e-01
3.762492835521697998e-01
4.035844802856445312e-01
3.498958051204681396e-01
3.639785945415496826e-01
3.838163018226623535e-01
3.588050305843353271e-01
4.228355586528778076e-01
3.919847011566162109e-01
3.924740850925445557e-01
3.589594066143035889e-01
3.704510629177093506e-01
3.690945804119110107e-01
3.606932163238525391e-01
3.981351554393768311e-01
3.608101010322570801e-01
3.438569009304046631e-01
3.546015322208404541e-01
5.116019845008850098e-01
3.846316337585449219e-01
3.879427015781402588e-01
4.258592128753662109e-01
3.649037480354309082e-01
3.814794123172760010e-01
3.744364976882934570e-01
3.708085715770721436e-01
3.981983661651611328e-01
3.752135336399078369e-01
3.727901577949523926e-01
3.513229489326477051e-01
3.801515996456146240e-01
3.888649344444274902e-01
3.684778809547424316e-01
3.850880563259124756e-01
4.095937311649322510e-01
3.680215477943420410e-01
3.814288079738616943e-01
3.671396672725677490e-01
3.817313313484191895e-01
3.995447158813476562e-01
3.691585659980773926e-01
3.448906838893890381e-01
3.734068572521209717e-01
3.599025607109069824e-01
3.664588332176208496e-01
3.855734169483184814e-01
4.292401373386383057e-01
3.409227728843688965e-01
3.913448750972747803e-01
3.500594794750213623e-01
3.659640848636627197e-01
3.879649043083190918e-01
3.909749984741210938e-01
3.746428191661834717e-01
4.075540602207183838e-01
3.628708720207214355e-01
3.760238587856292725e-01
3.984490036964416504e-01
3.926341533660888672e-01
3.658228814601898193e-01
3.686125874519348145e-01
3.408046662807464600e-01
4.322574138641357422e-01
3.351412713527679443e-01
3.757152557373046875e-01
3.650048971176147461e-01
3.978056311607360840e-01
3.523398339748382568e-01
3.321092724800109863e-01
3.806065022945404053e-01
4.088604450225830078e-01
3.510311245918273926e-01
3.460405766963958740e-01
3.755955994129180908e-01
3.456494808197021484e-01
3.916312456130981445e-01
3.525519371032714844e-01
3.867220282554626465e-01
3.758014142513275146e-01
3.890698552131652832e-01
3.750660121440887451e-01
3.976908624172210693e-01
3.488061130046844482e-01
3.755951821804046631e-01
3.714242875576019287e-01
3.541948497295379639e-01
4.058339595794677734e-01
3.569878339767456055e-01
3.773067593574523926e-01
3.627979457378387451e-01
3.690973818302154541e-01
3.585323393344879150e-01
3.779847919940948486e-01
3.861049413681030273e-01
3.995023667812347412e-01
3.451604843139648438e-01
4.455492198467254639e-01
3.531133234500885010e-01
4.051113128662109375e-01
3.503968715667724609e-01
3.506841957569122314e-01
3.347639143466949463e-01
3.606293201446533203e-01
3.731512129306793213e-01
3.694366514682769775e-01
3.926391303539276123e-01
3.755634427070617676e-01
3.809847533702850342e-01
3.471421301364898682e-01
3.725003302097320557e-01
3.600859940052032471e-01
3.700623512268066406e-01
3.765146434307098389e-01
3.389206230640411377e-01
4.168250262737274170e-01
3.661806881427764893e-01
3.526709675788879395e-01
4.018235802650451660e-01
3.946686089038848877e-01
3.716838359832763672e-01
4.179375171661376953e-01
3.712885081768035889e-01
3.808241486549377441e-01
4.039745330810546875e-01
3.787981271743774414e-01
3.572824001312255859e-01
3.763095140457153320e-01
3.679923713207244873e-01
3.713002204895019531e-01
3.683997094631195068e-01
3.407788276672363281e-01
3.466281592845916748e-01
3.588403761386871338e-01
3.886736035346984863e-01
3.456762433052062988e-01
3.255918622016906738e-01
3.493125140666961670e-01
4.126876890659332275e-01
3.382349312305450439e-01
3.401563763618469238e-01
3.789302408695220947e-01
3.453716933727264404e-01
3.549683690071105957e-01
3.669372200965881348e-01
3.832603096961975098e-01
3.660953640937805176e-01
3.406309783458709717e-01
3.774442970752716064e-01
3.757546842098236084e-01
3.639858663082122803e-01
3.505471646785736084e-01
3.255322277545928955e-01
4.017159938812255859e-01
3.776206672191619873e-01
3.418061733245849609e-01
3.413674533367156982e-01
4.089567661285400391e-01
4.603877961635589600e-01
4.185918271541595459e-01
3.387660682201385498e-01
3.678922355175018311e-01
3.736588954925537109e-01
3.738440573215484619e-01
3.829333782196044922e-01
3.722389936447143555e-01
3.741841018199920654e-01
3.635946512222290039e-01
3.560582101345062256e-01
3.980924785137176514e-01
3.543323874473571777e-01
4.218437373638153076e-01
3.363985121250152588e-01
3.507865071296691895e-01
3.815997838973999023e-01
4.130635857582092285e-01
3.393995463848114014e-01
3.265019059181213379e-01
3.741011023521423340e-01
3.671312034130096436e-01
3.791037797927856445e-01
3.592096865177154541e-01
3.806962370872497559e-01
3.665055930614471436e-01
3.488919734954833984e-01
3.948448598384857178e-01
3.397584557533264160e-01
3.424229025840759277e-01
4.432492852210998535e-01
3.390109241008758545e-01
3.742380142211914062e-01
3.250572681427001953e-01
3.568868041038513184e-01
3.477016389369964600e-01
3.331550657749176025e-01
3.850491046905517578e-01
4.083959758281707764e-01
3.639465272426605225e-01
3.355003893375396729e-01
3.497911393642425537e-01
3.567844331264495850e-01
3.476889729499816895e-01
3.964741230010986328e-01
3.749576210975646973e-01
3.670471906661987305e-01
3.504250645637512207e-01
3.455489575862884521e-01
3.515315949916839600e-01
3.659121096134185791e-01
3.583130240440368652e-01
3.974292576313018799e-01
4.309012591838836670e-01
3.525009751319885254e-01
3.752683699131011963e-01
