7.789334058761596680e-01
7.552954554557800293e-01
7.486206293106079102e-01
7.197366952896118164e-01
7.124519944190979004e-01
6.946821808815002441e-01
6.881885528564453125e-01
7.028722167015075684e-01
6.935011744499206543e-01
6.800839900970458984e-01
6.731714606285095215e-01
6.923097968101501465e-01
6.787557005882263184e-01
6.901745200157165527e-01
6.609009504318237305e-01
6.679500341415405273e-01
6.619008183479309082e-01
6.514078974723815918e-01
6.729456186294555664e-01
6.479988098144531250e-01
6.570874452590942383e-01
6.442362666130065918e-01
6.419767737388610840e-01
6.447084546089172363e-01
6.285726428031921387e-01
6.352035403251647949e-01
6.364033818244934082e-01
6.441085338592529297e-01
6.269730925559997559e-01
6.288904547691345215e-01
6.278743147850036621e-01
6.511839032173156738e-01
6.242224574089050293e-01
6.264044046401977539e-01
6.185355782508850098e-01
6.303940415382385254e-01
6.141582727432250977e-01
6.212119460105895996e-01
6.110772490501403809e-01
6.150305867195129395e-01
6.288911104202270508e-01
6.093838810920715332e-01
6.033185124397277832e-01
6.068302989006042480e-01
6.170392036437988281e-01
6.075031161308288574e-01
6.119359135627746582e-01
6.050276756286621094e-01
5.896114706993103027e-01
5.991582274436950684e-01
5.887171030044555664e-01
5.874650478363037109e-01
6.019253134727478027e-01
6.076985001564025879e-01
6.019310355186462402e-01
6.062629222869873047e-01
5.881716609001159668e-01
5.882243514060974121e-01
6.145939826965332031e-01
5.945045351982116699e-01
5.912937521934509277e-01
5.993165373802185059e-01
5.904278159141540527e-01
6.158827543258666992e-01
5.856880545616149902e-01
6.035079360008239746e-01
6.069613099098205566e-01
5.846790671348571777e-01
5.817126631736755371e-01
5.759394764900207520e-01
5.925976037979125977e-01
5.930272340774536133e-01
5.791448950767517090e-01
5.748062729835510254e-01
5.893602371215820312e-01
5.740612149238586426e-01
5.929090380668640137e-01
5.746418237686157227e-01
5.968323945999145508e-01
5.831685662269592285e-01
5.759844779968261719e-01
5.948702692985534668e-01
5.706325173377990723e-01
5.719146132469177246e-01
5.664185881614685059e-01
5.624312758445739746e-01
5.677152872085571289e-01
5.912212133407592773e-01
5.764259696006774902e-01
5.748538970947265625e-01
5.593553781509399414e-01
5.690083503723144531e-01
5.642286539077758789e-01
5.940389633178710938e-01
5.765284299850463867e-01
5.782524943351745605e-01
5.696792006492614746e-01
5.656567811965942383e-01
5.725430846214294434e-01
5.580089092254638672e-01
5.743303298950195312e-01
5.556168556213378906e-01
5.778382420539855957e-01
5.757283568382263184e-01
5.615050196647644043e-01
5.669702887535095215e-01
5.742697715759277344e-01
5.534829497337341309e-01
5.634547472000122070e-01
5.658271908760070801e-01
5.533613562583923340e-01
5.558842420578002930e-01
5.646407008171081543e-01
5.544156432151794434e-01
5.794631838798522949e-01
5.733780860900878906e-01
5.889405608177185059e-01
5.532126426696777344e-01
5.496399998664855957e-01
5.584222674369812012e-01
5.931803584098815918e-01
5.584482550621032715e-01
5.525755286216735840e-01
5.611655116081237793e-01
5.660700201988220215e-01
5.646411776542663574e-01
5.624349713325500488e-01
5.551804304122924805e-01
5.764039158821105957e-01
5.535542368888854980e-01
5.462578535079956055e-01
5.510651469230651855e-01
5.760320425033569336e-01
5.511944293975830078e-01
5.500574707984924316e-01
5.645263195037841797e-01
5.433998107910156250e-01
5.464099049568176270e-01
5.570210814476013184e-01
5.516549348831176758e-01
5.430632829666137695e-01
5.438720583915710449e-01
5.438579320907592773e-01
5.393986701965332031e-01
5.649492144584655762e-01
5.445507764816284180e-01
5.555996894836425781e-01
5.863615274429321289e-01
5.552692413330078125e-01
5.433422327041625977e-01
5.531885623931884766e-01
5.310530662536621094e-01
5.663353800773620605e-01
5.400425195693969727e-01
5.504819154739379883e-01
5.673294067382812500e-01
5.477804541587829590e-01
5.439076423645019531e-01
5.613384246826171875e-01
5.475428700447082520e-01
5.542137026786804199e-01
5.480138063430786133e-01
5.403224825859069824e-01
5.556888580322265625e-01
5.530939102172851562e-01
5.393321514129638672e-01
5.414480566978454590e-01
5.389341711997985840e-01
5.647568702697753906e-01
5.482155680656433105e-01
5.514351129531860352e-01
5.577380061149597168e-01
5.387346148490905762e-01
5.563759207725524902e-01
5.529880523681640625e-01
5.390726327896118164e-01
5.499429106712341309e-01
5.383166074752807617e-01
5.399177670478820801e-01
5.514453053474426270e-01
5.326790213584899902e-01
5.464048385620117188e-01
5.357558727264404297e-01
5.544328093528747559e-01
5.320295095443725586e-01
5.292754173278808594e-01
5.427328348159790039e-01
6.058368682861328125e-01
5.372185707092285156e-01
5.480695962905883789e-01
5.334105491638183594e-01
5.331776738166809082e-01
5.378021001815795898e-01
5.382752418518066406e-01
5.411795973777770996e-01
5.504581332206726074e-01
5.419077277183532715e-01
5.419453978538513184e-01
5.514537692070007324e-01
5.347007513046264648e-01
5.582117438316345215e-01
5.492611527442932129e-01
5.293129086494445801e-01
5.425143241882324219e-01
5.365300178527832031e-01
5.680485367774963379e-01
5.330401062965393066e-01
5.443531870841979980e-01
5.571074485778808594e-01
5.325631499290466309e-01
5.748504400253295898e-01
5.379761457443237305e-01
5.382824540138244629e-01
5.340101122856140137e-01
5.336431264877319336e-01
5.388661623001098633e-01
5.387895703315734863e-01
5.277664065361022949e-01
5.247625112533569336e-01
5.679031610488891602e-01
5.425664782524108887e-01
5.335539579391479492e-01
5.239267349243164062e-01
5.231693983078002930e-01
5.410806536674499512e-01
5.663408637046813965e-01
5.294646620750427246e-01
5.414888262748718262e-01
5.381225943565368652e-01
5.542713403701782227e-01
5.351715683937072754e-01
5.298938751220703125e-01
5.397137999534606934e-01
5.296258926391601562e-01
5.478965640068054199e-01
5.343900918960571289e-01
5.394824147224426270e-01
5.399527549743652344e-01
5.386642813682556152e-01
5.465800166130065918e-01
5.517280697822570801e-01
5.248884558677673340e-01
5.331276059150695801e-01
5.385693311691284180e-01
5.319204926490783691e-01
5.220158696174621582e-01
5.219461917877197266e-01
5.438079833984375000e-01
5.454542636871337891e-01
5.401231646537780762e-01
5.332886576652526855e-01
5.304211974143981934e-01
5.327444076538085938e-01
5.395332574844360352e-01
5.442464947700500488e-01
5.315154194831848145e-01
5.390840172767639160e-01
5.312529802322387695e-01
5.278375744819641113e-01
5.270439982414245605e-01
5.169331431388854980e-01
5.255802273750305176e-01
5.326775908470153809e-01
5.500926375389099121e-01
5.373539328575134277e-01
5.304617881774902344e-01
5.515170097351074219e-01
5.361022949218750000e-01
5.384527444839477539e-01
5.196126103401184082e-01
5.122554898262023926e-01
5.333463549613952637e-01
5.403849482536315918e-01
5.206232070922851562e-01
5.277163386344909668e-01
5.270687937736511230e-01
5.342832803726196289e-01
5.405740737915039062e-01
5.223613977432250977e-01
5.289940834045410156e-01
5.296717882156372070e-01
5.313189625740051270e-01
5.314964652061462402e-01
5.212299227714538574e-01
5.191659331321716309e-01
5.333228111267089844e-01
5.370405316352844238e-01
5.244976878166198730e-01
5.402080416679382324e-01
5.167352557182312012e-01
5.216757059097290039e-01
5.214659571647644043e-01
5.229533910751342773e-01
5.360078811645507812e-01
5.335239768028259277e-01
5.315988659858703613e-01
5.217232108116149902e-01
5.293235182762145996e-01
5.261446833610534668e-01
5.227382183074951172e-01
5.526952147483825684e-01
5.320960879325866699e-01
5.284084677696228027e-01
5.314279794692993164e-01
5.179750323295593262e-01
5.288963317871093750e-01
5.200453400611877441e-01
5.544032454490661621e-01
5.239152312278747559e-01
5.445582270622253418e-01
5.420552492141723633e-01
5.545904040336608887e-01
5.277623534202575684e-01
5.253936052322387695e-01
5.192160606384277344e-01
5.504239201545715332e-01
5.322644114494323730e-01
5.314034819602966309e-01
5.499078631401062012e-01
5.239822864532470703e-01
5.181477069854736328e-01
5.432653427124023438e-01
5.379042625427246094e-01
5.361554026603698730e-01
5.287224650382995605e-01
5.375155806541442871e-01
5.151648521423339844e-01
5.239749550819396973e-01
5.169820189476013184e-01
5.341801643371582031e-01
5.179034471511840820e-01
5.196487903594970703e-01
5.230792164802551270e-01
5.150328874588012695e-01
5.153389573097229004e-01
5.384027361869812012e-01
5.183032751083374023e-01
5.274775028228759766e-01
5.260835886001586914e-01
5.258483886718750000e-01
5.105006694793701172e-01
5.222158432006835938e-01
5.244370698928833008e-01
5.247305035591125488e-01
5.138614773750305176e-01
5.318811535835266113e-01
5.078882575035095215e-01
5.343376994132995605e-01
5.265116691589355469e-01
5.225052237510681152e-01
5.249802470207214355e-01
5.106868743896484375e-01
5.258604288101196289e-01
5.174887776374816895e-01
5.489026904106140137e-01
5.150162577629089355e-01
5.192648768424987793e-01
5.350759625434875488e-01
5.231311917304992676e-01
5.272505283355712891e-01
5.292054414749145508e-01
5.195460915565490723e-01
5.158435106277465820e-01
5.119481682777404785e-01
5.152389407157897949e-01
5.207991003990173340e-01
5.104171633720397949e-01
5.253669619560241699e-01
5.251094698905944824e-01
5.227632522583007812e-01
5.209137797355651855e-01
5.164605975151062012e-01
5.198308229446411133e-01
5.338392257690429688e-01
5.244740843772888184e-01
5.164639353752136230e-01
5.211252570152282715e-01
5.296058654785156250e-01
5.300331115722656250e-01
5.315238833427429199e-01
5.131502151489257812e-01
5.255004763603210449e-01
5.364084839820861816e-01
5.258237719535827637e-01
5.130198597908020020e-01
5.168552398681640625e-01
5.279294848442077637e-01
5.432532429695129395e-01
5.256552696228027344e-01
5.263523459434509277e-01
5.186638832092285156e-01
5.365501046180725098e-01
5.222561955451965332e-01
5.126107335090637207e-01
5.282781720161437988e-01
5.365265607833862305e-01
5.190699696540832520e-01
5.223265886306762695e-01
5.101027488708496094e-01
5.116481781005859375e-01
5.115295052528381348e-01
5.073588490486145020e-01
5.138327479362487793e-01
5.146875381469726562e-01
5.238682031631469727e-01
5.220805406570434570e-01
5.280505418777465820e-01
5.261303782463073730e-01
5.187487602233886719e-01
5.130500793457031250e-01
5.074540972709655762e-01
5.326198935508728027e-01
5.262758135795593262e-01
5.075487494468688965e-01
5.210554003715515137e-01
5.037602782249450684e-01
5.124104619026184082e-01
5.215145945549011230e-01
5.271971225738525391e-01
5.231779813766479492e-01
5.214760899543762207e-01
5.273122191429138184e-01
5.179165005683898926e-01
5.266762375831604004e-01
5.270432829856872559e-01
5.290392041206359863e-01
5.231711268424987793e-01
5.141837000846862793e-01
5.139662623405456543e-01
5.200708508491516113e-01
5.305792689323425293e-01
5.279443860054016113e-01
5.329086780548095703e-01
5.227183103561401367e-01
5.215273499488830566e-01
5.261497497558593750e-01
5.104233026504516602e-01
5.228172540664672852e-01
5.270430445671081543e-01
5.270649194717407227e-01
5.050923824310302734e-01
5.188245177268981934e-01
5.036108493804931641e-01
5.284232497215270996e-01
5.149548649787902832e-01
5.145731568336486816e-01
5.119418501853942871e-01
5.346980094909667969e-01
5.121093392372131348e-01
5.146287083625793457e-01
5.196089744567871094e-01
5.065022110939025879e-01
5.124885439872741699e-01
5.100005865097045898e-01
5.092453360557556152e-01
5.144926905632019043e-01
5.123861432075500488e-01
5.027489066123962402e-01
5.039623975753784180e-01
5.323184132575988770e-01
5.044230222702026367e-01
5.761103034019470215e-01
5.133981108665466309e-01
5.280227661132812500e-01
5.229632854461669922e-01
4.984987378120422363e-01
5.199405550956726074e-01
5.147385597229003906e-01
5.203399062156677246e-01
5.126158595085144043e-01
5.313174128532409668e-01
5.142958760261535645e-01
5.136344432830810547e-01
5.160173773765563965e-01
5.231198668479919434e-01
5.083692669868469238e-01
5.172945261001586914e-01
5.185561180114746094e-01
5.024015307426452637e-01
5.133652687072753906e-01
5.062029957771301270e-01
5.272411704063415527e-01
5.038696527481079102e-01
5.135683417320251465e-01
5.204584598541259766e-01
5.198290348052978516e-01
5.226917266845703125e-01
5.045831799507141113e-01
5.070354938507080078e-01
5.248496532440185547e-01
5.285943150520324707e-01
5.289329886436462402e-01
5.122009515762329102e-01
4.959216117858886719e-01
5.109953284263610840e-01
5.036332607269287109e-01
5.032488703727722168e-01
5.400573611259460449e-01
5.487518906593322754e-01
5.113229751586914062e-01
5.100269913673400879e-01
5.103340148925781250e-01
5.197477936744689941e-01
5.262923240661621094e-01
5.038573145866394043e-01
5.119732022285461426e-01
5.075690150260925293e-01
5.140504240989685059e-01
5.040882825851440430e-01
5.098844766616821289e-01
5.128095746040344238e-01
5.367588996887207031e-01
5.085949301719665527e-01
5.056840181350708008e-01
5.007306933403015137e-01
5.163332223892211914e-01
5.004733204841613770e-01
5.063927769660949707e-01
5.045509934425354004e-01
5.162739753723144531e-01
5.094923973083496094e-01
5.141049623489379883e-01
5.248827338218688965e-01
5.037028193473815918e-01
5.253991484642028809e-01
5.076637268066406250e-01
5.051835179328918457e-01
4.965880811214447021e-01
5.088154673576354980e-01
5.138431191444396973e-01
5.258631706237792969e-01
5.003505945205688477e-01
4.961314201354980469e-01
5.283539891242980957e-01
5.203992724418640137e-01
5.334700942039489746e-01
5.004875063896179199e-01
5.140348672866821289e-01
5.172448158264160156e-01
5.046980977058410645e-01
5.534533858299255371e-01
5.018233656883239746e-01
5.039411783218383789e-01
5.192596912384033203e-01
5.143005251884460449e-01
5.112344622611999512e-01
5.092487335205078125e-01
5.040079951286315918e-01
4.989480972290039062e-01
5.172315835952758789e-01
4.963172078132629395e-01
5.004649758338928223e-01
5.128666758537292480e-01
5.170205235481262207e-01
5.129896402359008789e-01
5.081823468208312988e-01
5.427890419960021973e-01
4.990713596343994141e-01
5.139451622962951660e-01
5.081213712692260742e-01
5.050141811370849609e-01
5.005245208740234375e-01
5.027100443840026855e-01
5.151229500770568848e-01
5.283823609352111816e-01
5.005828142166137695e-01
5.069686174392700195e-01
5.107416510581970215e-01
5.003730654716491699e-01
4.986918568611145020e-01
5.267438292503356934e-01
5.174888968467712402e-01
5.274786949157714844e-01
5.028979182243347168e-01
5.206389427185058594e-01
5.001066327095031738e-01
5.186803936958312988e-01
5.171396732330322266e-01
5.062765479087829590e-01
5.138603448867797852e-01
5.095557570457458496e-01
5.316351056098937988e-01
5.005519390106201172e-01
5.141293406486511230e-01
5.005948543548583984e-01
4.941380918025970459e-01
4.962223172187805176e-01
4.972421824932098389e-01
5.082191824913024902e-01
5.129613280296325684e-01
5.051122903823852539e-01
4.948395788669586182e-01
4.970498979091644287e-01
5.007645487785339355e-01
4.898545444011688232e-01
5.008456110954284668e-01
4.975887238979339600e-01
4.975164830684661865e-01
5.048255324363708496e-01
5.273239016532897949e-01
5.089299082756042480e-01
5.016439557075500488e-01
5.505247116088867188e-01
4.986630380153656006e-01
5.018186569213867188e-01
5.070649385452270508e-01
5.113582015037536621e-01
5.053750872611999512e-01
5.136135816574096680e-01
5.166222453117370605e-01
5.066847801208496094e-01
5.293155908584594727e-01
4.968422055244445801e-01
5.006580948829650879e-01
5.077202320098876953e-01
5.126529932022094727e-01
5.143527388572692871e-01
5.225348472595214844e-01
4.991656243801116943e-01
5.008978247642517090e-01
4.998697936534881592e-01
5.254308581352233887e-01
4.942238330841064453e-01
5.064086914062500000e-01
5.443583726882934570e-01
5.001609921455383301e-01
5.339467525482177734e-01
5.070399641990661621e-01
5.141119360923767090e-01
4.962838590145111084e-01
4.984753727912902832e-01
5.061425566673278809e-01
5.018925070762634277e-01
5.107619166374206543e-01
5.078721046447753906e-01
5.419198870658874512e-01
4.942517876625061035e-01
5.172153711318969727e-01
5.483239889144897461e-01
5.071317553520202637e-01
5.430569052696228027e-01
4.989707469940185547e-01
4.972849488258361816e-01
5.293971896171569824e-01
5.209615826606750488e-01
5.247799754142761230e-01
5.211022496223449707e-01
5.249163508415222168e-01
5.139405727386474609e-01
5.275494456291198730e-01
5.033878684043884277e-01
4.899574220180511475e-01
5.182505846023559570e-01
5.078283548355102539e-01
4.993588030338287354e-01
5.226978063583374023e-01
5.091971755027770996e-01
5.062039494514465332e-01
5.093294978141784668e-01
5.136209726333618164e-01
5.230612754821777344e-01
5.174636244773864746e-01
5.154057145118713379e-01
5.023801326751708984e-01
5.052092671394348145e-01
4.970467984676361084e-01
5.214378237724304199e-01
5.157423615455627441e-01
5.068531036376953125e-01
4.896616637706756592e-01
4.969412386417388916e-01
5.149206519126892090e-01
5.012373328208923340e-01
4.979851841926574707e-01
4.918607771396636963e-01
5.005710721015930176e-01
5.275811553001403809e-01
4.867003560066223145e-01
5.115999579429626465e-01
4.940123558044433594e-01
5.125781297683715820e-01
5.072656869888305664e-01
4.978927671909332275e-01
5.011869668960571289e-01
5.150792598724365234e-01
4.933763444423675537e-01
4.963867664337158203e-01
5.117375254631042480e-01
4.923136830329895020e-01
4.956141412258148193e-01
4.954018294811248779e-01
4.963560104370117188e-01
5.089976191520690918e-01
5.162367224693298340e-01
5.054635405540466309e-01
5.084931850433349609e-01
5.028759837150573730e-01
4.929342865943908691e-01
5.009471774101257324e-01
5.010765194892883301e-01
5.102291107177734375e-01
4.972074031829833984e-01
5.082358717918395996e-01
4.973777830600738525e-01
5.161727070808410645e-01
4.958417117595672607e-01
5.119397044181823730e-01
5.054938197135925293e-01
4.917639791965484619e-01
5.005678534507751465e-01
4.944346845149993896e-01
4.828843176364898682e-01
5.002731084823608398e-01
4.885461926460266113e-01
5.105675458908081055e-01
5.035595297813415527e-01
5.070884227752685547e-01
5.075575709342956543e-01
5.109223723411560059e-01
4.909011125564575195e-01
5.072510838508605957e-01
5.098407864570617676e-01
4.960803091526031494e-01
5.059442520141601562e-01
5.024951100349426270e-01
4.965323507785797119e-01
5.054864883422851562e-01
4.887137413024902344e-01
5.126026272773742676e-01
4.952219426631927490e-01
5.321077704429626465e-01
5.086355805397033691e-01
4.985887706279754639e-01
5.061686635017395020e-01
5.197945237159729004e-01
5.135577321052551270e-01
5.097513794898986816e-01
4.923710823059082031e-01
4.972207546234130859e-01
5.077018141746520996e-01
4.967640340328216553e-01
5.018411874771118164e-01
5.093027949333190918e-01
5.125043988227844238e-01
5.395150184631347656e-01
5.016959309577941895e-01
4.962475895881652832e-01
5.055202841758728027e-01
4.948332011699676514e-01
4.910291135311126709e-01
5.031524896621704102e-01
5.004140734672546387e-01
4.878217875957489014e-01
5.015973448753356934e-01
5.069957971572875977e-01
4.899966716766357422e-01
5.027114152908325195e-01
4.932926297187805176e-01
5.055636763572692871e-01
4.931772351264953613e-01
4.942018687725067139e-01
5.015148520469665527e-01
4.987473487854003906e-01
5.081538558006286621e-01
5.053683519363403320e-01
5.026364326477050781e-01
5.058894157409667969e-01
5.007959604263305664e-01
4.917969703674316406e-01
4.988837242126464844e-01
4.956409633159637451e-01
4.919791221618652344e-01
5.183516740798950195e-01
5.105746984481811523e-01
4.845348298549652100e-01
4.920964241027832031e-01
4.993137419223785400e-01
5.018059015274047852e-01
5.256364941596984863e-01
5.035127997398376465e-01
4.918303489685058594e-01
5.178185105323791504e-01
5.075985789299011230e-01
5.015718340873718262e-01
4.927490353584289551e-01
5.005884170532226562e-01
4.983302056789398193e-01
4.973637163639068604e-01
4.930555522441864014e-01
5.050188302993774414e-01
5.020561218261718750e-01
4.943231642246246338e-01
5.289245247840881348e-01
4.884134829044342041e-01
4.996202588081359863e-01
5.054780244827270508e-01
5.343526601791381836e-01
5.094103813171386719e-01
4.915005862712860107e-01
4.845006763935089111e-01
4.994904100894927979e-01
4.925819337368011475e-01
4.910523891448974609e-01
5.020233988761901855e-01
5.280542969703674316e-01
4.872545301914215088e-01
4.886262118816375732e-01
4.983000755310058594e-01
4.882880151271820068e-01
4.852803349494934082e-01
4.899621009826660156e-01
4.936664104461669922e-01
5.166090130805969238e-01
4.905755221843719482e-01
4.951859414577484131e-01
4.888195097446441650e-01
4.940290451049804688e-01
4.971481263637542725e-01
5.319692492485046387e-01
5.073883533477783203e-01
4.964438378810882568e-01
5.064309835433959961e-01
4.837202727794647217e-01
4.952156543731689453e-01
4.970043599605560303e-01
5.056049823760986328e-01
5.137745141983032227e-01
4.913914203643798828e-01
4.913878440856933594e-01
4.999547898769378662e-01
5.089978575706481934e-01
4.890042841434478760e-01
4.824002385139465332e-01
5.103387832641601562e-01
5.201221704483032227e-01
5.193397402763366699e-01
5.049425363540649414e-01
4.899168610572814941e-01
4.948074519634246826e-01
5.059901475906372070e-01
4.992813169956207275e-01
4.976247251033782959e-01
4.916247427463531494e-01
5.001107454299926758e-01
5.084199905395507812e-01
5.024027824401855469e-01
5.150688886642456055e-01
5.155918598175048828e-01
4.842171669006347656e-01
5.090149044990539551e-01
4.911980628967285156e-01
4.967657029628753662e-01
5.179737210273742676e-01
4.943805634975433350e-01
5.075151324272155762e-01
5.221408009529113770e-01
5.005764365196228027e-01
4.965866208076477051e-01
5.255141258239746094e-01
5.132055878639221191e-01
5.054938197135925293e-01
5.022484660148620605e-01
5.160586237907409668e-01
5.009795427322387695e-01
4.930891096591949463e-01
4.978984892368316650e-01
4.938442707061767578e-01
4.955964088439941406e-01
5.032104253768920898e-01
4.895078241825103760e-01
5.084229707717895508e-01
4.963889718055725098e-01
5.000139474868774414e-01
4.970860481262207031e-01
4.899175167083740234e-01
4.992082715034484863e-01
4.965663850307464600e-01
5.113802552223205566e-01
4.941220879554748535e-01
5.103943943977355957e-01
4.958137571811676025e-01
5.004360675811767578e-01
5.180553197860717773e-01
4.954429566860198975e-01
4.977272152900695801e-01
4.897235929965972900e-01
4.899639785289764404e-01
4.929980933666229248e-01
4.989058971405029297e-01
5.248008966445922852e-01
5.307901501655578613e-01
4.980788230895996094e-01
5.066788792610168457e-01
4.909803569316864014e-01
5.006396770477294922e-01
4.935457408428192139e-01
4.939602911472320557e-01
4.902906119823455811e-01
5.006667971611022949e-01
5.061557888984680176e-01
4.974267184734344482e-01
5.061487555503845215e-01
4.890062510967254639e-01
4.855127334594726562e-01
5.011295676231384277e-01
4.903207421302795410e-01
4.942522943019866943e-01
4.908270537853240967e-01
4.952523410320281982e-01
4.901316761970520020e-01
5.028609633445739746e-01
4.840849936008453369e-01
4.978694021701812744e-01
5.113281607627868652e-01
5.037944912910461426e-01
4.908157885074615479e-01
5.202970504760742188e-01
4.962856471538543701e-01
5.148906111717224121e-01
5.295157432556152344e-01
4.991813302040100098e-01
4.984147548675537109e-01
5.007628798484802246e-01
4.984406530857086182e-01
4.879003465175628662e-01
5.150734186172485352e-01
4.901681542396545410e-01
4.924698770046234131e-01
5.032688975334167480e-01
4.849036633968353271e-01
4.963368475437164307e-01
4.895230233669281006e-01
4.983664453029632568e-01
5.082429647445678711e-01
5.012091994285583496e-01
5.001874566078186035e-01
4.917408525943756104e-01
4.956086277961730957e-01
5.022291541099548340e-01
4.992356300354003906e-01
5.061423778533935547e-01
4.936381876468658447e-01
5.031504631042480469e-01
4.909948408603668213e-01
5.030690431594848633e-01
4.941168427467346191e-01
4.831120073795318604e-01
4.889048635959625244e-01
5.171092748641967773e-01
5.019226074218750000e-01
4.973366856575012207e-01
4.781151711940765381e-01
4.921224713325500488e-01
4.926309585571289062e-01
4.780061841011047363e-01
5.081040263175964355e-01
5.163229107856750488e-01
4.923682212829589844e-01
4.856687486171722412e-01
5.080567598342895508e-01
5.011925101280212402e-01
5.087825059890747070e-01
5.093058943748474121e-01
4.913120269775390625e-01
4.883741438388824463e-01
4.850871264934539795e-01
4.835333824157714844e-01
4.834235608577728271e-01
4.821271598339080811e-01
4.956168234348297119e-01
4.849845468997955322e-01
4.914632737636566162e-01
5.044345855712890625e-01
4.966576695442199707e-01
4.889549314975738525e-01
5.068895816802978516e-01
4.997771382331848145e-01
4.924191534519195557e-01
4.979573190212249756e-01
4.894846081733703613e-01
5.095206499099731445e-01
4.847255647182464600e-01
4.905295372009277344e-01
5.028479099273681641e-01
4.952344894409179688e-01
5.296905636787414551e-01
5.051605105400085449e-01
4.818008542060852051e-01
4.876957833766937256e-01
4.948999881744384766e-01
4.898249208927154541e-01
4.908570349216461182e-01
4.858146607875823975e-01
4.988655149936676025e-01
5.041323304176330566e-01
4.950728416442871094e-01
5.346394181251525879e-01
4.915103614330291748e-01
5.110212564468383789e-01
4.887998104095458984e-01
5.132874846458435059e-01
4.909616410732269287e-01
4.805993139743804932e-01
4.882264733314514160e-01
4.972568452358245850e-01
4.947944283485412598e-01
4.863483011722564697e-01
4.977139532566070557e-01
4.950740039348602295e-01
5.058401226997375488e-01
5.063997507095336914e-01
5.005311965942382812e-01
4.981122910976409912e-01
4.892025887966156006e-01
4.907645285129547119e-01
4.931860864162445068e-01
4.794403016567230225e-01
4.793994426727294922e-01
5.251985788345336914e-01
4.971016347408294678e-01
4.887700080871582031e-01
5.137197375297546387e-01
5.061042904853820801e-01
4.923927485942840576e-01
4.948666095733642578e-01
5.006398558616638184e-01
4.976915419101715088e-01
4.980051219463348389e-01
4.917676150798797607e-01
5.010192990303039551e-01
4.958713054656982422e-01
4.863326549530029297e-01
5.123607516288757324e-01
5.082516074180603027e-01
4.822295308113098145e-01
5.135993361473083496e-01
4.879630506038665771e-01
5.034357905387878418e-01
4.902361929416656494e-01
4.982204437255859375e-01
4.936166405677795410e-01
4.758806824684143066e-01
4.811294674873352051e-01
4.903777241706848145e-01
4.917653203010559082e-01
5.006146430969238281e-01
4.985376298427581787e-01
4.819197654724121094e-01
4.997248351573944092e-01
4.932205379009246826e-01
5.041044354438781738e-01
4.829396307468414307e-01
5.113419890403747559e-01
5.212009549140930176e-01
4.995461106300354004e-01
4.861643910408020020e-01
4.890601336956024170e-01
5.089704394340515137e-01
4.889455735683441162e-01
4.851053357124328613e-01
4.886858165264129639e-01
4.835083186626434326e-01
4.954571723937988281e-01
4.955543577671051025e-01
4.900687634944915771e-01
4.969514906406402588e-01
4.929680824279785156e-01
4.747769534587860107e-01
4.854627251625061035e-01
5.020372271537780762e-01
5.122405290603637695e-01
4.955363869667053223e-01
5.016016960144042969e-01
4.845371842384338379e-01
4.977799355983734131e-01
4.870699346065521240e-01
4.921298921108245850e-01
4.863464832305908203e-01
4.988108575344085693e-01
5.132403373718261719e-01
4.939995706081390381e-01
4.927502572536468506e-01
4.967172145843505859e-01
4.767558574676513672e-01
5.124288201332092285e-01
4.937369525432586670e-01
4.901270866394042969e-01
4.837964177131652832e-01
4.860472679138183594e-01
4.917393624782562256e-01
5.080574154853820801e-01
5.171335339546203613e-01
4.979597628116607666e-01
5.167965292930603027e-01
5.117849707603454590e-01
4.912236332893371582e-01
4.831801056861877441e-01
4.892372786998748779e-01
4.924406111240386963e-01
5.005721449851989746e-01
5.052992701530456543e-01
5.035743117332458496e-01
4.889720380306243896e-01
4.933292567729949951e-01
4.928282201290130615e-01
5.248421430587768555e-01
5.090383887290954590e-01
4.843259751796722412e-01
5.000479817390441895e-01
4.737087190151214600e-01
4.804007709026336670e-01
4.950591027736663818e-01
5.026113986968994141e-01
4.784218966960906982e-01
4.906618595123291016e-01
4.975083768367767334e-01
5.030891299247741699e-01
4.978909194469451904e-01
5.006190538406372070e-01
4.964494705200195312e-01
4.814681112766265869e-01
4.934513270854949951e-01
4.841805994510650635e-01
4.854300618171691895e-01
4.825626015663146973e-01
5.064916014671325684e-01
4.910333752632141113e-01
4.917050898075103760e-01
4.805742204189300537e-01
4.920887053012847900e-01
4.961894154548645020e-01
4.877073466777801514e-01
4.763363897800445557e-01
4.908758103847503662e-01
4.877494871616363525e-01
4.921838939189910889e-01
4.843344688415527344e-01
4.972938001155853271e-01
4.948348999023437500e-01
5.227433443069458008e-01
5.470839738845825195e-01
4.868960976600646973e-01
5.068211555480957031e-01
4.941333234310150146e-01
4.881703555583953857e-01
4.908830821514129639e-01
4.858299195766448975e-01
5.052952766418457031e-01
4.932143390178680420e-01
4.906496107578277588e-01
4.998458027839660645e-01
4.881278574466705322e-01
4.929196536540985107e-01
4.848470687866210938e-01
4.974399507045745850e-01
5.110008120536804199e-01
5.147481560707092285e-01
5.255289077758789062e-01
4.946041107177734375e-01
4.867397248744964600e-01
4.938812255859375000e-01
5.051516890525817871e-01
5.026779770851135254e-01
5.151852965354919434e-01
5.069372653961181641e-01
4.894263446331024170e-01
4.929620921611785889e-01
4.932328760623931885e-01
4.761705398559570312e-01
4.951282441616058350e-01
4.931504428386688232e-01
5.045877695083618164e-01
4.828486442565917969e-01
4.859083592891693115e-01
4.797308444976806641e-01
4.892678260803222656e-01
4.876892268657684326e-01
4.865246713161468506e-01
5.269635915756225586e-01
4.991784095764160156e-01
4.955615997314453125e-01
4.908128678798675537e-01
4.867852628231048584e-01
4.762221276760101318e-01
4.850221574306488037e-01
5.003945231437683105e-01
4.857527315616607666e-01
4.922096431255340576e-01
4.971083104610443115e-01
4.774417877197265625e-01
4.893492758274078369e-01
4.788735508918762207e-01
4.919736087322235107e-01
4.910539686679840088e-01
4.805746078491210938e-01
5.002301931381225586e-01
4.926080405712127686e-01
4.826109409332275391e-01
5.001285672187805176e-01
4.771009087562561035e-01
4.926577508449554443e-01
4.869294166564941406e-01
4.883010983467102051e-01
4.802993834018707275e-01
4.821937084197998047e-01
5.072892308235168457e-01
4.976399540901184082e-01
4.731404483318328857e-01
4.996932148933410645e-01
5.112662315368652344e-01
5.179905295372009277e-01
4.880713522434234619e-01
4.885493814945220947e-01
4.907594621181488037e-01
4.995176494121551514e-01
4.814981520175933838e-01
5.058214664459228516e-01
4.839896261692047119e-01
4.898006618022918701e-01
4.899425208568572998e-01
4.946946203708648682e-01
4.873760342597961426e-01
5.074731111526489258e-01
4.849532246589660645e-01
4.925097525119781494e-01
5.018953680992126465e-01
4.979185163974761963e-01
5.066870450973510742e-01
4.963329732418060303e-01
5.379898548126220703e-01
4.851675927639007568e-01
4.857660233974456787e-01
4.975622296333312988e-01
5.027841329574584961e-01
4.896971285343170166e-01
4.905274808406829834e-01
5.046876072883605957e-01
4.886020123958587646e-01
4.902907907962799072e-01
4.878329932689666748e-01
4.863656163215637207e-01
4.848328232765197754e-01
5.008261203765869141e-01
4.903263151645660400e-01
4.882553517818450928e-01
5.056703090667724609e-01
4.906973838806152344e-01
4.838921725749969482e-01
4.772042930126190186e-01
4.873933494091033936e-01
4.854539334774017334e-01
5.045410990715026855e-01
4.771387279033660889e-01
4.839894473552703857e-01
4.871535897254943848e-01
4.721022248268127441e-01
4.921580851078033447e-01
5.006646513938903809e-01
4.896077215671539307e-01
5.036129951477050781e-01
4.892031252384185791e-01
4.793771207332611084e-01
4.724569916725158691e-01
4.861243665218353271e-01
4.838694632053375244e-01
4.771298468112945557e-01
4.966293871402740479e-01
4.831418097019195557e-01
4.826157689094543457e-01
4.857688844203948975e-01
4.805026948451995850e-01
4.905474781990051270e-01
4.774743020534515381e-01
4.712497889995574951e-01
4.801140725612640381e-01
5.099110603332519531e-01
5.021330714225769043e-01
4.816531240940093994e-01
5.096634626388549805e-01
4.901911318302154541e-01
4.837931692600250244e-01
4.976355135440826416e-01
4.841373562812805176e-01
5.159096717834472656e-01
5.094221830368041992e-01
4.778113961219787598e-01
4.738462567329406738e-01
4.973016381263732910e-01
4.940638244152069092e-01
5.272914767265319824e-01
5.172690749168395996e-01
4.797447323799133301e-01
4.908123910427093506e-01
5.003072619438171387e-01
4.806896150112152100e-01
4.911007881164550781e-01
4.848233163356781006e-01
5.102440118789672852e-01
4.865491986274719238e-01
4.924957454204559326e-01
4.788562357425689697e-01
4.878204762935638428e-01
4.792028367519378662e-01
4.779734611511230469e-01
4.879775047302246094e-01
4.914330542087554932e-01
4.919931590557098389e-01
4.915274679660797119e-01
4.971721768379211426e-01
4.910019040107727051e-01
4.852931499481201172e-01
4.772451519966125488e-01
4.897234141826629639e-01
5.123621225357055664e-01
4.958808124065399170e-01
4.832601249217987061e-01
4.953722953796386719e-01
4.969838559627532959e-01
4.761984050273895264e-01
4.782265722751617432e-01
4.730404913425445557e-01
5.071260333061218262e-01
4.773382246494293213e-01
4.786122739315032959e-01
4.855177104473114014e-01
5.050982832908630371e-01
5.087973475456237793e-01
4.784851968288421631e-01
4.999339580535888672e-01
4.833974838256835938e-01
4.858784675598144531e-01
5.008587837219238281e-01
4.849446415901184082e-01
4.987264275550842285e-01
4.743230044841766357e-01
4.805257916450500488e-01
4.998701512813568115e-01
4.863552153110504150e-01
4.921227097511291504e-01
4.944244027137756348e-01
4.738471508026123047e-01
4.825820028781890869e-01
5.025779604911804199e-01
4.760827124118804932e-01
4.856421053409576416e-01
4.849333763122558594e-01
4.786338806152343750e-01
4.716779291629791260e-01
4.985163211822509766e-01
4.711435735225677490e-01
4.822189807891845703e-01
4.922810494899749756e-01
4.903536736965179443e-01
4.957269132137298584e-01
4.931392669677734375e-01
4.872635006904602051e-01
4.998839795589447021e-01
5.146297812461853027e-01
4.852351844310760498e-01
4.893170595169067383e-01
4.871498048305511475e-01
4.869773983955383301e-01
4.745427072048187256e-01
4.798422753810882568e-01
4.777356088161468506e-01
4.750398099422454834e-01
4.753615558147430420e-01
4.781273305416107178e-01
4.975667893886566162e-01
5.121077895164489746e-01
5.046305060386657715e-01
4.826017320156097412e-01
5.010208487510681152e-01
4.763772487640380859e-01
4.943387210369110107e-01
4.822203814983367920e-01
4.901141226291656494e-01
5.002034306526184082e-01
4.819934368133544922e-01
4.935978949069976807e-01
4.989526867866516113e-01
4.773639142513275146e-01
4.942606985569000244e-01
4.861491322517395020e-01
4.867748916149139404e-01
5.161419510841369629e-01
4.947726726531982422e-01
5.135211944580078125e-01
4.853903949260711670e-01
4.973300099372863770e-01
5.147380828857421875e-01
4.916853010654449463e-01
4.789684712886810303e-01
4.860073626041412354e-01
5.031892657279968262e-01
4.916193187236785889e-01
4.880579113960266113e-01
4.821241497993469238e-01
5.047918558120727539e-01
4.880072772502899170e-01
4.915552139282226562e-01
4.877267479896545410e-01
4.762943685054779053e-01
4.773921966552734375e-01
4.785610735416412354e-01
4.916332364082336426e-01
4.781856536865234375e-01
5.008150935173034668e-01
4.885534346103668213e-01
4.842231869697570801e-01
4.930093288421630859e-01
4.882545471191406250e-01
5.015422105789184570e-01
4.828208982944488525e-01
4.946567714214324951e-01
4.697421491146087646e-01
4.727025926113128662e-01
4.786101877689361572e-01
4.797831177711486816e-01
4.795908033847808838e-01
4.794349670410156250e-01
5.003497004508972168e-01
4.841513633728027344e-01
4.861354827880859375e-01
4.934073090553283691e-01
4.732051789760589600e-01
4.838495850563049316e-01
4.773826301097869873e-01
4.744879305362701416e-01
4.835600852966308594e-01
4.843461513519287109e-01
5.191130638122558594e-01
5.003620982170104980e-01
5.051190257072448730e-01
5.046314001083374023e-01
4.826469123363494873e-01
4.790434837341308594e-01
4.931559264659881592e-01
4.863011837005615234e-01
4.883811771869659424e-01
4.970317780971527100e-01
5.267366170883178711e-01
4.768030643463134766e-01
4.763168394565582275e-01
4.809523224830627441e-01
4.763829708099365234e-01
5.104665160179138184e-01
4.723322987556457520e-01
4.899487197399139404e-01
5.175897479057312012e-01
4.768990576267242432e-01
4.868284761905670166e-01
4.780067503452301025e-01
4.758561253547668457e-01
5.085123777389526367e-01
5.080330371856689453e-01
4.737849831581115723e-01
4.781770706176757812e-01
4.730352461338043213e-01
4.831724166870117188e-01
4.758104383945465088e-01
5.024018287658691406e-01
4.900163114070892334e-01
4.798011779785156250e-01
4.756203293800354004e-01
4.876776635646820068e-01
4.902939498424530029e-01
4.778400361537933350e-01
4.780893027782440186e-01
4.779766499996185303e-01
4.818178117275238037e-01
5.042676925659179688e-01
4.707637727260589600e-01
4.810569882392883301e-01
5.132364630699157715e-01
4.787441790103912354e-01
4.879630208015441895e-01
4.924156367778778076e-01
4.880333542823791504e-01
5.028718113899230957e-01
4.858796298503875732e-01
4.927531778812408447e-01
4.871892035007476807e-01
4.851406216621398926e-01
4.716907441616058350e-01
4.846539497375488281e-01
4.927614331245422363e-01
4.909585118293762207e-01
4.779879152774810791e-01
5.121941566467285156e-01
4.773932397365570068e-01
5.139659047126770020e-01
4.816568791866302490e-01
4.823239445686340332e-01
4.899785220623016357e-01
4.735930562019348145e-01
4.908800125122070312e-01
5.031822919845581055e-01
4.917873442173004150e-01
4.830999374389648438e-01
4.887261390686035156e-01
4.729843139648437500e-01
4.730529785156250000e-01
5.398915410041809082e-01
4.819993972778320312e-01
4.880503714084625244e-01
4.790198504924774170e-01
4.989561140537261963e-01
5.008200407028198242e-01
5.045720934867858887e-01
4.965758025646209717e-01
4.926552772521972656e-01
5.125014185905456543e-01
4.890271723270416260e-01
4.732205569744110107e-01
4.801862239837646484e-01
4.869554638862609863e-01
4.779410064220428467e-01
4.724988937377929688e-01
4.901401698589324951e-01
4.701148569583892822e-01
4.947569966316223145e-01
4.829684197902679443e-01
4.797188937664031982e-01
5.011471509933471680e-01
4.801538586616516113e-01
4.888595640659332275e-01
4.805814921855926514e-01
5.066450238227844238e-01
4.746356010437011719e-01
4.876089692115783691e-01
4.747486114501953125e-01
4.904426634311676025e-01
4.903261661529541016e-01
4.984613358974456787e-01
4.879128932952880859e-01
4.986197948455810547e-01
5.000371336936950684e-01
4.968090951442718506e-01
4.740745127201080322e-01
4.672014713287353516e-01
4.833556115627288818e-01
4.789668023586273193e-01
5.080409049987792969e-01
4.732142388820648193e-01
4.936811625957489014e-01
4.869489669799804688e-01
4.824274480342864990e-01
4.845808148384094238e-01
4.715518057346343994e-01
4.818701446056365967e-01
5.113664865493774414e-01
4.868334233760833740e-01
4.770319163799285889e-01
4.830747544765472412e-01
4.739339947700500488e-01
4.712843000888824463e-01
4.919282495975494385e-01
4.902623295783996582e-01
4.880849421024322510e-01
4.886974394321441650e-01
4.736629426479339600e-01
4.840170443058013916e-01
4.897443950176239014e-01
4.781700074672698975e-01
4.838148057460784912e-01
4.738969504833221436e-01
4.971397817134857178e-01
4.723661839962005615e-01
4.857165515422821045e-01
5.471510291099548340e-01
4.890490174293518066e-01
4.753859639167785645e-01
4.714823663234710693e-01
4.962058961391448975e-01
5.052770376205444336e-01
4.920799434185028076e-01
4.819218218326568604e-01
4.984794259071350098e-01
4.881874620914459229e-01
4.965318739414215088e-01
4.961195886135101318e-01
4.710544645786285400e-01
4.890490472316741943e-01
4.667679369449615479e-01
4.762398898601531982e-01
4.968118369579315186e-01
5.163459181785583496e-01
4.846675097942352295e-01
4.923145473003387451e-01
4.836004674434661865e-01
4.819198548793792725e-01
4.692780971527099609e-01
4.933178126811981201e-01
4.782176613807678223e-01
4.959076046943664551e-01
4.885323047637939453e-01
4.792019426822662354e-01
4.812315404415130615e-01
4.921213686466217041e-01
