7.772189974784851074e-01
7.601831555366516113e-01
7.566584944725036621e-01
7.511988878250122070e-01
7.500274181365966797e-01
7.304233908653259277e-01
7.274558544158935547e-01
7.069842219352722168e-01
7.369533777236938477e-01
6.953715682029724121e-01
6.885439753532409668e-01
7.141053080558776855e-01
7.118417024612426758e-01
6.807475090026855469e-01
6.818879842758178711e-01
6.665227413177490234e-01
6.626169085502624512e-01
6.544733047485351562e-01
6.638988852500915527e-01
6.560916304588317871e-01
6.478546261787414551e-01
6.568170785903930664e-01
6.493344902992248535e-01
6.454764008522033691e-01
6.535947918891906738e-01
6.423804759979248047e-01
6.305767893791198730e-01
6.225282549858093262e-01
6.241407394409179688e-01
6.353260278701782227e-01
6.209666132926940918e-01
6.243389248847961426e-01
6.277691125869750977e-01
6.123313903808593750e-01
6.217561364173889160e-01
6.300725340843200684e-01
6.112937927246093750e-01
6.293680071830749512e-01
5.966678261756896973e-01
6.017996668815612793e-01
5.913318991661071777e-01
6.008486151695251465e-01
5.933114290237426758e-01
5.893992185592651367e-01
6.036435961723327637e-01
5.866876840591430664e-01
5.996377468109130859e-01
5.920925140380859375e-01
5.848966836929321289e-01
5.769022107124328613e-01
5.798842310905456543e-01
5.732679367065429688e-01
5.860719084739685059e-01
5.894796252250671387e-01
5.754179358482360840e-01
5.689708590507507324e-01
5.728241801261901855e-01
5.764557719230651855e-01
5.866161584854125977e-01
5.672552585601806641e-01
5.581971406936645508e-01
5.709997415542602539e-01
5.511878132820129395e-01
5.628169178962707520e-01
5.577894449234008789e-01
5.498186945915222168e-01
5.481771826744079590e-01
5.618684887886047363e-01
5.684168934822082520e-01
5.445229411125183105e-01
5.598863363265991211e-01
5.346780419349670410e-01
5.452201962471008301e-01
5.454589724540710449e-01
5.500270128250122070e-01
5.298388004302978516e-01
5.595088005065917969e-01
5.548741817474365234e-01
5.562877058982849121e-01
5.401858687400817871e-01
5.348145365715026855e-01
5.184513330459594727e-01
5.517238378524780273e-01
5.177346467971801758e-01
5.308421850204467773e-01
5.263258218765258789e-01
5.174602270126342773e-01
5.692708492279052734e-01
5.224248766899108887e-01
5.165748000144958496e-01
5.393417477607727051e-01
5.187662243843078613e-01
5.187043547630310059e-01
5.295680165290832520e-01
5.126579403877258301e-01
5.107733011245727539e-01
5.116657614707946777e-01
5.062217116355895996e-01
4.993161857128143311e-01
5.632902979850769043e-01
4.957515299320220947e-01
5.060572624206542969e-01
5.088112950325012207e-01
5.107950568199157715e-01
4.988938271999359131e-01
4.946163296699523926e-01
5.022250413894653320e-01
4.955979883670806885e-01
4.889083504676818848e-01
4.983411729335784912e-01
5.041516423225402832e-01
5.027264952659606934e-01
4.867501258850097656e-01
5.038409233093261719e-01
5.223485231399536133e-01
4.951440393924713135e-01
4.918118417263031006e-01
4.896302223205566406e-01
4.997286796569824219e-01
4.880335927009582520e-01
4.991076588630676270e-01
5.079995989799499512e-01
4.977501928806304932e-01
4.883509576320648193e-01
4.921367764472961426e-01
4.919001162052154541e-01
4.853976666927337646e-01
4.998501241207122803e-01
4.870585501194000244e-01
4.834986627101898193e-01
4.934259057044982910e-01
4.773862063884735107e-01
4.798206388950347900e-01
4.825344681739807129e-01
4.782900810241699219e-01
4.728143811225891113e-01
4.684714376926422119e-01
4.729568958282470703e-01
4.887416958808898926e-01
4.682202339172363281e-01
4.884628355503082275e-01
4.707860946655273438e-01
4.708799421787261963e-01
4.710120260715484619e-01
4.649734497070312500e-01
4.575316607952117920e-01
4.663736820220947266e-01
4.628417193889617920e-01
4.764253795146942139e-01
4.562452435493469238e-01
4.724917411804199219e-01
4.550757408142089844e-01
4.597418010234832764e-01
4.727973043918609619e-01
4.615166187286376953e-01
4.496755301952362061e-01
4.613439142704010010e-01
4.634768962860107422e-01
4.675398766994476318e-01
4.659781455993652344e-01
4.630808532238006592e-01
4.593980312347412109e-01
4.627968966960906982e-01
4.510031640529632568e-01
4.773611128330230713e-01
4.540937542915344238e-01
4.568145275115966797e-01
4.525651633739471436e-01
4.518249034881591797e-01
4.500263333320617676e-01
4.409898817539215088e-01
4.613471031188964844e-01
4.544923305511474609e-01
4.448198378086090088e-01
4.609501957893371582e-01
4.411772787570953369e-01
4.402384757995605469e-01
4.644131660461425781e-01
4.756707847118377686e-01
4.444046020507812500e-01
4.455351829528808594e-01
4.394343495368957520e-01
4.466007351875305176e-01
4.664862751960754395e-01
4.425705969333648682e-01
4.591691195964813232e-01
4.474992752075195312e-01
4.495725631713867188e-01
4.540262222290039062e-01
4.587029516696929932e-01
4.406413137912750244e-01
4.513029158115386963e-01
4.384802281856536865e-01
4.337452948093414307e-01
4.328841269016265869e-01
4.419866502285003662e-01
4.318477809429168701e-01
4.392947256565093994e-01
4.391617774963378906e-01
4.277438223361968994e-01
4.688564836978912354e-01
4.654431343078613281e-01
4.434811770915985107e-01
4.291908740997314453e-01
4.330981373786926270e-01
4.410738646984100342e-01
4.487065374851226807e-01
4.416857659816741943e-01
4.274359643459320068e-01
4.289172589778900146e-01
4.446958601474761963e-01
4.532558619976043701e-01
4.316424429416656494e-01
4.397473335266113281e-01
4.264610409736633301e-01
4.323782026767730713e-01
4.272975623607635498e-01
4.439446926116943359e-01
4.377571642398834229e-01
4.258511960506439209e-01
4.273233115673065186e-01
4.298964440822601318e-01
4.248921871185302734e-01
4.268867075443267822e-01
4.247389733791351318e-01
4.422963261604309082e-01
4.363654553890228271e-01
4.497655928134918213e-01
4.510661065578460693e-01
4.249324798583984375e-01
4.283827245235443115e-01
4.242761731147766113e-01
4.221320152282714844e-01
4.432356953620910645e-01
4.267500042915344238e-01
4.271418750286102295e-01
4.266838729381561279e-01
4.229718744754791260e-01
4.197591245174407959e-01
4.247874915599822998e-01
4.261443614959716797e-01
4.256885647773742676e-01
4.116077423095703125e-01
4.212411344051361084e-01
4.686231613159179688e-01
4.362472593784332275e-01
4.199512600898742676e-01
4.120831489562988281e-01
4.437894821166992188e-01
4.118027389049530029e-01
4.123858511447906494e-01
4.153515398502349854e-01
4.410766065120697021e-01
4.323554635047912598e-01
4.253667891025543213e-01
4.173308312892913818e-01
4.131630957126617432e-01
4.034022390842437744e-01
4.354227185249328613e-01
4.140290319919586182e-01
4.122674167156219482e-01
4.014476239681243896e-01
4.279853999614715576e-01
4.146295189857482910e-01
4.061426222324371338e-01
4.125191271305084229e-01
4.252624511718750000e-01
4.072518348693847656e-01
4.100414216518402100e-01
4.203734397888183594e-01
4.508112370967864990e-01
4.201947748661041260e-01
4.140973091125488281e-01
4.124425053596496582e-01
4.215748310089111328e-01
4.019242823123931885e-01
4.225363731384277344e-01
4.123272895812988281e-01
4.173918664455413818e-01
4.134994149208068848e-01
4.066104888916015625e-01
4.009013175964355469e-01
4.094800055027008057e-01
4.181711375713348389e-01
4.055444300174713135e-01
4.003805220127105713e-01
4.586066305637359619e-01
4.057702124118804932e-01
4.007037281990051270e-01
4.100554585456848145e-01
3.993605971336364746e-01
4.144473671913146973e-01
3.990840315818786621e-01
4.029155373573303223e-01
4.198933541774749756e-01
4.045445919036865234e-01
4.204125404357910156e-01
4.097905158996582031e-01
4.115540683269500732e-01
4.041130542755126953e-01
4.063882827758789062e-01
4.031856954097747803e-01
4.147512614727020264e-01
4.068634212017059326e-01
4.008960425853729248e-01
4.090628623962402344e-01
4.011088013648986816e-01
3.969107866287231445e-01
4.085354804992675781e-01
4.081791043281555176e-01
4.140287041664123535e-01
3.994601666927337646e-01
4.068481624126434326e-01
4.145105779170989990e-01
4.020592868328094482e-01
4.387021958827972412e-01
3.912932574748992920e-01
3.951748311519622803e-01
4.139915406703948975e-01
3.994442224502563477e-01
3.934853672981262207e-01
4.104343056678771973e-01
4.153988957405090332e-01
4.013261795043945312e-01
3.910976052284240723e-01
4.332546293735504150e-01
3.931546807289123535e-01
4.043431282043457031e-01
3.979473412036895752e-01
4.120944440364837646e-01
3.950342833995819092e-01
4.110644459724426270e-01
4.066390991210937500e-01
3.926056623458862305e-01
3.944903016090393066e-01
3.936567008495330811e-01
4.048272073268890381e-01
3.914325833320617676e-01
3.989786803722381592e-01
4.197758734226226807e-01
3.838241100311279297e-01
4.009646475315093994e-01
3.918870091438293457e-01
4.025840461254119873e-01
3.965201079845428467e-01
3.912768363952636719e-01
4.124521315097808838e-01
3.900916576385498047e-01
3.923470675945281982e-01
3.904988765716552734e-01
3.852801024913787842e-01
3.839057981967926025e-01
3.928016722202301025e-01
3.993600010871887207e-01
3.913915157318115234e-01
3.876897394657135010e-01
3.793713748455047607e-01
3.836649358272552490e-01
3.871312737464904785e-01
3.955051898956298828e-01
3.827939331531524658e-01
3.854811489582061768e-01
3.781016767024993896e-01
3.854191005229949951e-01
3.895933926105499268e-01
4.169248044490814209e-01
3.849248290061950684e-01
3.854445815086364746e-01
4.095706939697265625e-01
4.097490310668945312e-01
3.879499137401580811e-01
3.930438458919525146e-01
3.916491568088531494e-01
3.987427055835723877e-01
4.122472703456878662e-01
3.799345195293426514e-01
3.836066424846649170e-01
3.832422196865081787e-01
3.972100913524627686e-01
3.847318291664123535e-01
4.072554111480712891e-01
3.901146948337554932e-01
3.753910660743713379e-01
3.991062641143798828e-01
3.970526158809661865e-01
3.827455341815948486e-01
3.810626566410064697e-01
3.914395868778228760e-01
3.770750463008880615e-01
3.836797773838043213e-01
3.788462281227111816e-01
4.101824462413787842e-01
3.815274238586425781e-01
3.960258960723876953e-01
4.142425060272216797e-01
3.843503296375274658e-01
3.914153277873992920e-01
3.853309750556945801e-01
3.762851655483245850e-01
3.793452382087707520e-01
3.804148733615875244e-01
4.269227981567382812e-01
3.835867047309875488e-01
3.847419321537017822e-01
3.844636380672454834e-01
3.857632577419281006e-01
3.810008466243743896e-01
3.834321200847625732e-01
3.899982571601867676e-01
3.787774145603179932e-01
3.912521898746490479e-01
3.920279443264007568e-01
3.711404800415039062e-01
3.724148273468017578e-01
3.767275214195251465e-01
3.736904561519622803e-01
3.707302510738372803e-01
3.802822232246398926e-01
4.053113460540771484e-01
4.030471742153167725e-01
3.928682506084442139e-01
3.780064284801483154e-01
3.799471855163574219e-01
3.705584406852722168e-01
3.814357221126556396e-01
3.702508509159088135e-01
3.832765221595764160e-01
3.717243671417236328e-01
3.707743585109710693e-01
3.732601106166839600e-01
3.821720480918884277e-01
4.175805151462554932e-01
3.866739273071289062e-01
3.814644515514373779e-01
3.684818744659423828e-01
3.739002943038940430e-01
3.762357831001281738e-01
3.931047618389129639e-01
3.624813556671142578e-01
3.790058791637420654e-01
3.660013675689697266e-01
3.746764361858367920e-01
3.786664903163909912e-01
3.627044260501861572e-01
3.706247806549072266e-01
3.940133452415466309e-01
3.833877742290496826e-01
3.767812848091125488e-01
3.644972443580627441e-01
3.815829455852508545e-01
3.780693411827087402e-01
4.095548689365386963e-01
3.687374889850616455e-01
3.950185179710388184e-01
3.836081027984619141e-01
3.722518384456634521e-01
3.774746954441070557e-01
3.654069900512695312e-01
3.669727444648742676e-01
3.826386928558349609e-01
3.699820637702941895e-01
3.683539032936096191e-01
3.695605397224426270e-01
3.841640055179595947e-01
3.701627552509307861e-01
3.667774796485900879e-01
3.824075758457183838e-01
3.838883042335510254e-01
3.945181965827941895e-01
3.772737681865692139e-01
3.709535002708435059e-01
3.842589557170867920e-01
3.656370341777801514e-01
3.698654770851135254e-01
3.642199635505676270e-01
3.646942079067230225e-01
3.644207417964935303e-01
3.752947747707366943e-01
3.888831138610839844e-01
3.889331817626953125e-01
4.022426605224609375e-01
3.632330298423767090e-01
3.980829715728759766e-01
3.741165399551391602e-01
3.785986304283142090e-01
3.660657107830047607e-01
3.812581002712249756e-01
3.709999024868011475e-01
3.722371160984039307e-01
3.685286641120910645e-01
3.785503804683685303e-01
3.883109986782073975e-01
3.716470897197723389e-01
3.607448041439056396e-01
3.615057766437530518e-01
3.640316128730773926e-01
3.737136423587799072e-01
3.730027377605438232e-01
3.754296302795410156e-01
3.660104870796203613e-01
3.611902296543121338e-01
3.596824109554290771e-01
3.672519028186798096e-01
3.554722070693969727e-01
3.636256158351898193e-01
3.998386263847351074e-01
3.677957952022552490e-01
3.629293143749237061e-01
4.159405827522277832e-01
3.665698468685150146e-01
3.630216121673583984e-01
3.602316975593566895e-01
3.697461783885955811e-01
3.738472163677215576e-01
3.635941147804260254e-01
3.702134788036346436e-01
3.729434609413146973e-01
3.707244098186492920e-01
3.639594912528991699e-01
3.605004251003265381e-01
3.612113296985626221e-01
3.896501958370208740e-01
3.734448850154876709e-01
3.643917739391326904e-01
3.951270282268524170e-01
3.558250665664672852e-01
3.904410302639007568e-01
3.671032488346099854e-01
3.609931170940399170e-01
3.591575324535369873e-01
3.599703609943389893e-01
3.569403290748596191e-01
3.588901758193969727e-01
3.592514097690582275e-01
3.760829865932464600e-01
3.632925450801849365e-01
3.722698688507080078e-01
3.844246566295623779e-01
3.547643721103668213e-01
3.545353412628173828e-01
3.725770115852355957e-01
3.630928993225097656e-01
3.706569671630859375e-01
3.840078413486480713e-01
3.850356936454772949e-01
3.591543436050415039e-01
3.666525483131408691e-01
3.605993986129760742e-01
3.836435973644256592e-01
3.514069616794586182e-01
3.542890250682830811e-01
3.677868545055389404e-01
3.554816246032714844e-01
3.572060167789459229e-01
3.653593957424163818e-01
3.950743973255157471e-01
3.563209474086761475e-01
3.645820617675781250e-01
3.637358844280242920e-01
3.770077824592590332e-01
3.731444180011749268e-01
4.230110645294189453e-01
3.614311814308166504e-01
4.130191504955291748e-01
4.057693481445312500e-01
3.941115438938140869e-01
3.656714856624603271e-01
3.600557446479797363e-01
3.574256896972656250e-01
3.602217733860015869e-01
3.529928624629974365e-01
3.725120723247528076e-01
3.599250912666320801e-01
3.556501567363739014e-01
3.580631017684936523e-01
3.535721302032470703e-01
3.655116558074951172e-01
3.594590127468109131e-01
3.500321507453918457e-01
3.484700620174407959e-01
3.698320090770721436e-01
3.637611865997314453e-01
3.537987768650054932e-01
3.568819761276245117e-01
3.695074319839477539e-01
3.598598539829254150e-01
3.671541810035705566e-01
3.628028333187103271e-01
3.493088185787200928e-01
3.758830726146697998e-01
3.567051589488983154e-01
3.538787662982940674e-01
3.585446774959564209e-01
3.634221255779266357e-01
3.839846253395080566e-01
3.652857244014739990e-01
3.814142644405364990e-01
3.679417073726654053e-01
3.605698049068450928e-01
3.496955037117004395e-01
3.534347712993621826e-01
3.502474725246429443e-01
3.566836118698120117e-01
3.594613075256347656e-01
3.484756648540496826e-01
3.834667801856994629e-01
3.525438904762268066e-01
3.491140902042388916e-01
3.459849357604980469e-01
3.764273822307586670e-01
3.631850183010101318e-01
3.565953075885772705e-01
3.475779891014099121e-01
3.496998846530914307e-01
3.487288653850555420e-01
3.614947497844696045e-01
3.547260463237762451e-01
3.627959191799163818e-01
3.539445102214813232e-01
3.484915792942047119e-01
3.485432267189025879e-01
3.501024246215820312e-01
3.499165475368499756e-01
3.425010442733764648e-01
3.466671407222747803e-01
3.507847487926483154e-01
3.589281141757965088e-01
3.645969629287719727e-01
3.410956859588623047e-01
3.666053414344787598e-01
3.475956916809082031e-01
3.516148030757904053e-01
3.487223684787750244e-01
3.467529714107513428e-01
3.408641517162322998e-01
3.503285646438598633e-01
3.613446056842803955e-01
3.617554306983947754e-01
3.514347970485687256e-01
3.457954823970794678e-01
3.546652495861053467e-01
3.715452253818511963e-01
3.449898660182952881e-01
3.592936992645263672e-01
3.491276204586029053e-01
3.613296151161193848e-01
3.539442718029022217e-01
3.593502342700958252e-01
3.389100730419158936e-01
3.522857427597045898e-01
3.500928580760955811e-01
3.501508831977844238e-01
3.648261129856109619e-01
3.743652403354644775e-01
3.488872945308685303e-01
3.525899350643157959e-01
3.697251975536346436e-01
3.496643900871276855e-01
3.665526211261749268e-01
3.583983778953552246e-01
3.636815249919891357e-01
3.447754085063934326e-01
3.452675044536590576e-01
3.455776572227478027e-01
3.600861728191375732e-01
3.398403227329254150e-01
3.616065382957458496e-01
3.462067246437072754e-01
3.652791082859039307e-01
3.455577790737152100e-01
3.666063249111175537e-01
3.447615206241607666e-01
3.392573893070220947e-01
3.409366309642791748e-01
3.364054858684539795e-01
3.563852906227111816e-01
3.438092172145843506e-01
3.551281392574310303e-01
3.491686284542083740e-01
3.464507162570953369e-01
3.566568791866302490e-01
3.417128026485443115e-01
3.437728583812713623e-01
3.372693061828613281e-01
3.533087670803070068e-01
3.358010947704315186e-01
3.590236306190490723e-01
3.655568063259124756e-01
3.560086190700531006e-01
3.337797820568084717e-01
3.460037410259246826e-01
3.514491617679595947e-01
3.469257354736328125e-01
3.378760516643524170e-01
3.557477891445159912e-01
3.655148148536682129e-01
3.546861112117767334e-01
3.379361629486083984e-01
4.005509018898010254e-01
3.407391905784606934e-01
3.367016017436981201e-01
3.397156894207000732e-01
3.455896675586700439e-01
3.458833694458007812e-01
3.476880788803100586e-01
3.542380630970001221e-01
3.755086362361907959e-01
3.388267457485198975e-01
3.876895010471343994e-01
3.431606590747833252e-01
3.399397134780883789e-01
3.376629352569580078e-01
3.414013087749481201e-01
3.344028592109680176e-01
3.538458347320556641e-01
3.375068306922912598e-01
3.343747556209564209e-01
3.392639160156250000e-01
3.528000414371490479e-01
3.394682109355926514e-01
3.452951610088348389e-01
3.440302312374114990e-01
3.382201194763183594e-01
3.677225708961486816e-01
3.794855475425720215e-01
3.533976078033447266e-01
3.464219272136688232e-01
3.402989804744720459e-01
3.471519947052001953e-01
3.609240353107452393e-01
3.575645089149475098e-01
3.380727469921112061e-01
3.426542878150939941e-01
3.509505689144134521e-01
3.366135358810424805e-01
3.541713953018188477e-01
3.374800086021423340e-01
3.452044427394866943e-01
3.311991691589355469e-01
3.366157114505767822e-01
3.410475254058837891e-01
3.444598019123077393e-01
3.642565906047821045e-01
3.384039700031280518e-01
3.340025842189788818e-01
3.558267652988433838e-01
3.718280494213104248e-01
3.402558267116546631e-01
3.388969600200653076e-01
3.548057377338409424e-01
3.363869786262512207e-01
3.342815637588500977e-01
3.410533368587493896e-01
3.494746088981628418e-01
3.290038406848907471e-01
3.341935575008392334e-01
3.411768078804016113e-01
3.494552075862884521e-01
3.344697654247283936e-01
3.392925262451171875e-01
3.397377431392669678e-01
3.461441695690155029e-01
3.351010978221893311e-01
3.332585692405700684e-01
3.447558581829071045e-01
3.536384701728820801e-01
3.393798470497131348e-01
3.568249344825744629e-01
3.303405940532684326e-01
3.294974863529205322e-01
3.501596152782440186e-01
3.298502862453460693e-01
3.343579769134521484e-01
3.462075889110565186e-01
3.621818721294403076e-01
3.444360792636871338e-01
3.369220495223999023e-01
3.572032153606414795e-01
3.263745903968811035e-01
3.347246348857879639e-01
3.470113575458526611e-01
3.336876332759857178e-01
3.411058485507965088e-01
3.414826989173889160e-01
3.326410353183746338e-01
3.718590438365936279e-01
3.441887795925140381e-01
3.462187349796295166e-01
3.343538343906402588e-01
3.371778428554534912e-01
3.379912376403808594e-01
3.403485417366027832e-01
3.716996908187866211e-01
3.418517708778381348e-01
3.368200957775115967e-01
3.339030444622039795e-01
3.547015488147735596e-01
3.477539122104644775e-01
3.272202610969543457e-01
3.301548063755035400e-01
3.346502482891082764e-01
3.284103274345397949e-01
3.317487835884094238e-01
3.291718065738677979e-01
3.355905413627624512e-01
3.317466378211975098e-01
3.397820889949798584e-01
3.333922922611236572e-01
3.489939868450164795e-01
3.552979528903961182e-01
3.458358645439147949e-01
3.267124295234680176e-01
3.341829180717468262e-01
3.322722911834716797e-01
3.229478895664215088e-01
3.555551171302795410e-01
3.409765660762786865e-01
3.353782892227172852e-01
3.767574727535247803e-01
3.413434624671936035e-01
3.305564820766448975e-01
3.362433016300201416e-01
3.414042592048645020e-01
3.232337534427642822e-01
3.458877205848693848e-01
3.420155942440032959e-01
3.250589370727539062e-01
3.536135256290435791e-01
3.350623548030853271e-01
3.444984555244445801e-01
3.382370471954345703e-01
3.587533831596374512e-01
3.270789086818695068e-01
3.452057838439941406e-01
3.394722640514373779e-01
3.504313528537750244e-01
3.403050899505615234e-01
3.336840569972991943e-01
3.222194612026214600e-01
3.463163375854492188e-01
3.366778790950775146e-01
3.594062924385070801e-01
3.345269262790679932e-01
3.284282088279724121e-01
3.486624658107757568e-01
3.238535225391387939e-01
3.315835595130920410e-01
3.368563055992126465e-01
3.404420316219329834e-01
3.336970508098602295e-01
3.475530743598937988e-01
3.292981088161468506e-01
3.290290832519531250e-01
3.344221711158752441e-01
3.490905463695526123e-01
3.243501782417297363e-01
3.347451686859130859e-01
3.288105130195617676e-01
3.473850786685943604e-01
3.291420042514801025e-01
3.260827958583831787e-01
3.531193435192108154e-01
3.618062138557434082e-01
3.258990347385406494e-01
3.330489695072174072e-01
3.378066122531890869e-01
3.446472585201263428e-01
3.501589894294738770e-01
3.284923732280731201e-01
3.394406139850616455e-01
3.231024444103240967e-01
3.391944468021392822e-01
3.324162960052490234e-01
3.529876172542572021e-01
3.347077965736389160e-01
3.533283770084381104e-01
3.223354518413543701e-01
3.295637369155883789e-01
3.275051414966583252e-01
3.220112025737762451e-01
3.569885194301605225e-01
3.322618901729583740e-01
3.349854052066802979e-01
3.253532350063323975e-01
3.279367983341217041e-01
3.463698923587799072e-01
3.308834731578826904e-01
3.302063047885894775e-01
3.430547714233398438e-01
3.534938693046569824e-01
3.355322480201721191e-01
3.337462544441223145e-01
3.256293237209320068e-01
3.276533186435699463e-01
3.549185395240783691e-01
3.477927446365356445e-01
3.222519457340240479e-01
3.468430340290069580e-01
3.500183820724487305e-01
3.186853826045989990e-01
4.254066050052642822e-01
3.307262957096099854e-01
3.302374780178070068e-01
3.368468880653381348e-01
3.270362317562103271e-01
3.388467431068420410e-01
3.404407203197479248e-01
3.263103365898132324e-01
3.361015021800994873e-01
3.318826258182525635e-01
3.268727064132690430e-01
3.394941985607147217e-01
3.229288756847381592e-01
3.295505642890930176e-01
3.281520903110504150e-01
3.385986089706420898e-01
3.265632092952728271e-01
3.237851560115814209e-01
3.488473594188690186e-01
3.225921392440795898e-01
3.252650797367095947e-01
3.649447858333587646e-01
3.296068608760833740e-01
3.237880170345306396e-01
3.516913056373596191e-01
3.185042738914489746e-01
3.251788020133972168e-01
3.365605771541595459e-01
3.225057721138000488e-01
3.158304989337921143e-01
3.283215761184692383e-01
3.292603194713592529e-01
3.214684426784515381e-01
3.195920884609222412e-01
3.299665451049804688e-01
3.330082595348358154e-01
3.243592381477355957e-01
3.268419206142425537e-01
3.500745892524719238e-01
3.204623162746429443e-01
3.234111964702606201e-01
3.219818174839019775e-01
3.231296539306640625e-01
3.709553182125091553e-01
3.142189085483551025e-01
3.230870664119720459e-01
3.366461992263793945e-01
3.381286263465881348e-01
3.241045176982879639e-01
3.267188668251037598e-01
3.198989331722259521e-01
3.285048902034759521e-01
3.281695842742919922e-01
3.310764729976654053e-01
3.204626739025115967e-01
3.256157040596008301e-01
3.179939687252044678e-01
3.387312591075897217e-01
3.439986705780029297e-01
3.395234942436218262e-01
3.234631717205047607e-01
3.273621201515197754e-01
3.175540864467620850e-01
3.192496299743652344e-01
3.272321522235870361e-01
3.217380046844482422e-01
3.319638371467590332e-01
3.196026980876922607e-01
3.193584978580474854e-01
3.358101844787597656e-01
3.164653182029724121e-01
3.439192175865173340e-01
3.410058021545410156e-01
3.199106156826019287e-01
3.448154628276824951e-01
3.342112004756927490e-01
3.164252936840057373e-01
3.357808291912078857e-01
3.336317241191864014e-01
3.180776536464691162e-01
3.165299594402313232e-01
3.312540948390960693e-01
3.185193836688995361e-01
3.341749906539916992e-01
3.181389868259429932e-01
3.276278376579284668e-01
3.452348411083221436e-01
3.113836944103240967e-01
3.179580867290496826e-01
3.370473384857177734e-01
3.417682349681854248e-01
3.347974419593811035e-01
3.201604783535003662e-01
3.354586064815521240e-01
3.413472771644592285e-01
3.587791323661804199e-01
3.326863944530487061e-01
3.185091018676757812e-01
3.245385289192199707e-01
3.463753759860992432e-01
3.191975057125091553e-01
3.136913478374481201e-01
3.235205709934234619e-01
3.319641053676605225e-01
3.195964992046356201e-01
3.143211007118225098e-01
3.407907485961914062e-01
3.137651681900024414e-01
3.307246267795562744e-01
3.211331069469451904e-01
3.276548087596893311e-01
3.432899713516235352e-01
3.561630249023437500e-01
3.212176859378814697e-01
3.391917049884796143e-01
3.214950263500213623e-01
3.388708829879760742e-01
3.153107464313507080e-01
3.387594223022460938e-01
3.146893084049224854e-01
3.167496025562286377e-01
3.183332979679107666e-01
3.211034834384918213e-01
3.229685723781585693e-01
3.167824447154998779e-01
3.168298900127410889e-01
3.312793374061584473e-01
3.426072597503662109e-01
3.396239280700683594e-01
3.175190389156341553e-01
3.164035081863403320e-01
3.260042667388916016e-01
3.128723204135894775e-01
3.181408345699310303e-01
3.234852254390716553e-01
3.604934811592102051e-01
3.180957436561584473e-01
3.185212612152099609e-01
3.141770362854003906e-01
3.288035988807678223e-01
3.259252011775970459e-01
3.108466863632202148e-01
3.190096020698547363e-01
3.172406852245330811e-01
3.129181563854217529e-01
3.288492262363433838e-01
3.289228379726409912e-01
3.147497773170471191e-01
3.335064053535461426e-01
3.471095860004425049e-01
3.086046874523162842e-01
3.377054929733276367e-01
3.414482474327087402e-01
3.333255350589752197e-01
3.245305716991424561e-01
3.359318673610687256e-01
3.238027095794677734e-01
3.289736807346343994e-01
3.392721414566040039e-01
3.091316819190979004e-01
3.238301277160644531e-01
3.191625177860260010e-01
3.336944282054901123e-01
3.206755518913269043e-01
3.141852915287017822e-01
3.209243714809417725e-01
3.146039545536041260e-01
3.312384188175201416e-01
3.235771358013153076e-01
3.182334899902343750e-01
3.097011148929595947e-01
3.231359124183654785e-01
3.144719600677490234e-01
3.338986933231353760e-01
3.087738454341888428e-01
3.644988834857940674e-01
3.483559787273406982e-01
3.249557018280029297e-01
3.223239779472351074e-01
3.361279964447021484e-01
3.273597657680511475e-01
3.324709534645080566e-01
3.286021649837493896e-01
3.377365767955780029e-01
3.222567737102508545e-01
3.191048800945281982e-01
3.155937790870666504e-01
3.108497262001037598e-01
3.350486755371093750e-01
3.136560618877410889e-01
3.187768161296844482e-01
3.207624852657318115e-01
3.268366158008575439e-01
3.219568431377410889e-01
3.124202191829681396e-01
3.129515647888183594e-01
3.147312104701995850e-01
3.191294670104980469e-01
3.146134018898010254e-01
3.126546740531921387e-01
3.173443675041198730e-01
3.147058188915252686e-01
3.136896491050720215e-01
3.083992898464202881e-01
3.189499974250793457e-01
3.096522986888885498e-01
3.187169134616851807e-01
3.253654539585113525e-01
3.455042541027069092e-01
3.263777792453765869e-01
3.141266405582427979e-01
3.087168037891387939e-01
3.386193513870239258e-01
3.193389773368835449e-01
3.181557655334472656e-01
3.190743625164031982e-01
3.287217915058135986e-01
3.231285214424133301e-01
3.048594594001770020e-01
3.212555348873138428e-01
3.097369372844696045e-01
3.274612724781036377e-01
3.178548812866210938e-01
3.130940496921539307e-01
3.153004348278045654e-01
3.116997480392456055e-01
3.331860601902008057e-01
3.096226453781127930e-01
3.178868889808654785e-01
3.211840391159057617e-01
3.089902400970458984e-01
3.134818971157073975e-01
3.139548897743225098e-01
3.098927438259124756e-01
3.144399225711822510e-01
3.501679599285125732e-01
3.118036687374114990e-01
3.280744254589080811e-01
3.287242650985717773e-01
3.224110603332519531e-01
3.092035353183746338e-01
3.079002797603607178e-01
3.186158239841461182e-01
3.199915587902069092e-01
3.039079308509826660e-01
3.196773231029510498e-01
3.233081996440887451e-01
3.117290139198303223e-01
3.335421979427337646e-01
3.258479237556457520e-01
3.134591281414031982e-01
3.130603432655334473e-01
3.343881964683532715e-01
3.723435699939727783e-01
3.308098912239074707e-01
3.102757632732391357e-01
3.313218057155609131e-01
3.218664228916168213e-01
3.153847157955169678e-01
3.241312801837921143e-01
3.127091526985168457e-01
3.253304064273834229e-01
3.131523728370666504e-01
3.472635447978973389e-01
3.058045506477355957e-01
3.274648189544677734e-01
3.145208060741424561e-01
3.135970234870910645e-01
3.093623816967010498e-01
3.042387068271636963e-01
3.060050010681152344e-01
3.059671521186828613e-01
3.076417148113250732e-01
3.137376308441162109e-01
3.365478515625000000e-01
3.134295642375946045e-01
3.034423589706420898e-01
3.459019362926483154e-01
3.144562840461730957e-01
3.143227100372314453e-01
3.165543079376220703e-01
3.320202827453613281e-01
3.149836957454681396e-01
3.252295851707458496e-01
3.138516545295715332e-01
3.161149024963378906e-01
3.276492059230804443e-01
3.102008998394012451e-01
3.162766396999359131e-01
3.161645829677581787e-01
3.503155708312988281e-01
3.140964210033416748e-01
3.038918375968933105e-01
3.053584098815917969e-01
3.085298240184783936e-01
3.155148625373840332e-01
3.229348361492156982e-01
3.275602459907531738e-01
3.148237764835357666e-01
3.572055697441101074e-01
3.130022287368774414e-01
3.090240657329559326e-01
3.177304267883300781e-01
3.212451934814453125e-01
3.078841865062713623e-01
3.348300457000732422e-01
3.078639805316925049e-01
3.212402462959289551e-01
3.146592080593109131e-01
3.091236352920532227e-01
3.176288306713104248e-01
3.106591701507568359e-01
3.117114305496215820e-01
3.138602674007415771e-01
3.456937968730926514e-01
3.077334463596343994e-01
3.349674046039581299e-01
3.002831637859344482e-01
3.152962327003479004e-01
3.141199946403503418e-01
3.175726532936096191e-01
3.457591831684112549e-01
3.237436711788177490e-01
3.076126277446746826e-01
3.114978969097137451e-01
3.051842451095581055e-01
3.192605376243591309e-01
3.061888813972473145e-01
3.204779326915740967e-01
3.248346745967864990e-01
3.164547383785247803e-01
3.024777472019195557e-01
3.142619431018829346e-01
3.154196143150329590e-01
3.101126253604888916e-01
3.050706386566162109e-01
3.180637955665588379e-01
3.133687376976013184e-01
3.152567446231842041e-01
3.320497572422027588e-01
3.062655627727508545e-01
3.058153092861175537e-01
3.086114227771759033e-01
3.138689994812011719e-01
3.163142204284667969e-01
3.105279505252838135e-01
3.271332681179046631e-01
3.134993612766265869e-01
3.139505088329315186e-01
3.071189224720001221e-01
3.043587803840637207e-01
3.108118474483489990e-01
3.132288753986358643e-01
3.101153969764709473e-01
3.015012443065643311e-01
3.078986704349517822e-01
3.109194636344909668e-01
3.310672342777252197e-01
3.169227540493011475e-01
3.232313394546508789e-01
3.208284974098205566e-01
3.236694931983947754e-01
3.137871623039245605e-01
3.100686669349670410e-01
3.036712706089019775e-01
3.060584068298339844e-01
3.156625926494598389e-01
3.029836118221282959e-01
3.096086680889129639e-01
3.330627381801605225e-01
3.191399574279785156e-01
3.116937577724456787e-01
2.996324598789215088e-01
3.081365823745727539e-01
3.050189018249511719e-01
3.258336484432220459e-01
3.182894289493560791e-01
3.276930749416351318e-01
3.022880852222442627e-01
3.087488710880279541e-01
3.150241076946258545e-01
3.006372451782226562e-01
3.068202137947082520e-01
3.110724985599517822e-01
3.177115023136138916e-01
3.218846023082733154e-01
3.036200702190399170e-01
3.126003444194793701e-01
3.150160908699035645e-01
2.974661290645599365e-01
3.195933401584625244e-01
3.075459897518157959e-01
3.024401366710662842e-01
3.024769723415374756e-01
3.031167089939117432e-01
3.286277353763580322e-01
3.009372651576995850e-01
3.253336846828460693e-01
3.062911927700042725e-01
3.077110946178436279e-01
3.056939542293548584e-01
3.194962143898010254e-01
3.013662993907928467e-01
2.977690994739532471e-01
3.011317849159240723e-01
3.098413646221160889e-01
3.448482751846313477e-01
3.076923191547393799e-01
3.143899440765380859e-01
3.179774880409240723e-01
3.035578727722167969e-01
3.065865337848663330e-01
3.047403991222381592e-01
3.091948926448822021e-01
3.107425868511199951e-01
3.129311501979827881e-01
3.111946284770965576e-01
3.073365390300750732e-01
3.151400983333587646e-01
3.081303834915161133e-01
3.128805160522460938e-01
3.238351047039031982e-01
3.218368589878082275e-01
3.243183195590972900e-01
3.065920472145080566e-01
3.082935512065887451e-01
3.100453317165374756e-01
3.037903010845184326e-01
3.408578336238861084e-01
3.096782267093658447e-01
3.186937272548675537e-01
3.017989695072174072e-01
3.141474425792694092e-01
2.994286715984344482e-01
3.008381128311157227e-01
3.087828755378723145e-01
3.043895363807678223e-01
3.212964236736297607e-01
3.111073672771453857e-01
3.004504740238189697e-01
3.118233978748321533e-01
3.070785105228424072e-01
2.989740669727325439e-01
3.200593590736389160e-01
3.202158808708190918e-01
3.032607734203338623e-01
3.082723021507263184e-01
3.320657908916473389e-01
3.143169581890106201e-01
3.121926486492156982e-01
3.158627748489379883e-01
3.055499494075775146e-01
2.986485660076141357e-01
3.646607398986816406e-01
3.092323839664459229e-01
3.102123439311981201e-01
3.119592666625976562e-01
3.079982697963714600e-01
2.951215207576751709e-01
3.056318163871765137e-01
3.315491378307342529e-01
3.218328952789306641e-01
3.161990642547607422e-01
3.168594837188720703e-01
2.987787425518035889e-01
3.084593117237091064e-01
3.072331845760345459e-01
3.035361468791961670e-01
3.142238557338714600e-01
2.936706542968750000e-01
3.004122972488403320e-01
3.266900479793548584e-01
3.109124600887298584e-01
2.986560761928558350e-01
3.002323806285858154e-01
2.962320744991302490e-01
3.023516237735748291e-01
3.031657636165618896e-01
3.062969744205474854e-01
3.038558661937713623e-01
3.051648139953613281e-01
3.062073290348052979e-01
3.146279752254486084e-01
3.101562559604644775e-01
3.207439482212066650e-01
3.037025630474090576e-01
3.220327794551849365e-01
3.160304725170135498e-01
2.968018651008605957e-01
3.106514811515808105e-01
3.012116551399230957e-01
3.058087825775146484e-01
2.963640391826629639e-01
3.116667568683624268e-01
3.165243566036224365e-01
3.005343079566955566e-01
2.984995543956756592e-01
3.226485848426818848e-01
3.062522113323211670e-01
3.184357583522796631e-01
3.234870135784149170e-01
3.078091442584991455e-01
3.001774251461029053e-01
3.032797276973724365e-01
3.407159149646759033e-01
3.024778366088867188e-01
3.004239499568939209e-01
3.051381707191467285e-01
3.003895878791809082e-01
3.206114768981933594e-01
3.113631904125213623e-01
2.961761951446533203e-01
3.015832901000976562e-01
3.044896423816680908e-01
3.016272485256195068e-01
2.961103618144989014e-01
2.976394891738891602e-01
3.044045269489288330e-01
2.919710576534271240e-01
3.138381540775299072e-01
3.185552358627319336e-01
3.064053654670715332e-01
2.995520234107971191e-01
2.991131246089935303e-01
3.037135303020477295e-01
3.117244243621826172e-01
3.248111605644226074e-01
3.101102709770202637e-01
3.070258498191833496e-01
3.037595748901367188e-01
2.945780456066131592e-01
3.187683224678039551e-01
3.001918494701385498e-01
3.068729341030120850e-01
3.077252507209777832e-01
3.227427899837493896e-01
3.503966927528381348e-01
3.030208051204681396e-01
3.201834857463836670e-01
3.010130524635314941e-01
3.240955770015716553e-01
3.086175024509429932e-01
2.929289042949676514e-01
3.006915748119354248e-01
3.072448670864105225e-01
3.002779185771942139e-01
2.935741543769836426e-01
3.211023509502410889e-01
2.985996901988983154e-01
3.093006312847137451e-01
2.957645952701568604e-01
2.915057837963104248e-01
3.166825473308563232e-01
3.050211071968078613e-01
3.017562329769134521e-01
3.296097218990325928e-01
3.037155270576477051e-01
2.926187217235565186e-01
3.433252871036529541e-01
2.885016500949859619e-01
3.001168668270111084e-01
3.081713020801544189e-01
3.062954843044281006e-01
2.949147224426269531e-01
3.276589512825012207e-01
2.940649986267089844e-01
2.917917370796203613e-01
3.349377810955047607e-01
2.983654439449310303e-01
3.118050694465637207e-01
3.078756928443908691e-01
3.516623079776763916e-01
3.211664855480194092e-01
3.114000260829925537e-01
3.004402816295623779e-01
3.092399239540100098e-01
3.051274120807647705e-01
3.090729713439941406e-01
2.978165447711944580e-01
3.083288371562957764e-01
2.923565804958343506e-01
2.996456921100616455e-01
3.084515631198883057e-01
2.894281148910522461e-01
3.080770373344421387e-01
3.130349814891815186e-01
3.119286298751831055e-01
2.974950075149536133e-01
3.008056282997131348e-01
2.919835746288299561e-01
3.140907883644104004e-01
2.985707521438598633e-01
3.065871000289916992e-01
2.898136377334594727e-01
2.992416918277740479e-01
2.989632785320281982e-01
3.017790019512176514e-01
2.986493110656738281e-01
2.973162531852722168e-01
2.985300123691558838e-01
3.069012463092803955e-01
3.053044974803924561e-01
3.192927837371826172e-01
3.158258497714996338e-01
2.943492829799652100e-01
3.167745471000671387e-01
3.084974586963653564e-01
3.108669221401214600e-01
2.919771075248718262e-01
3.022428154945373535e-01
3.233666419982910156e-01
2.941966950893402100e-01
3.170851767063140869e-01
2.992929518222808838e-01
3.071334362030029297e-01
3.032270371913909912e-01
3.065989315509796143e-01
3.254258036613464355e-01
2.915746271610260010e-01
3.352662622928619385e-01
3.153714835643768311e-01
2.945072650909423828e-01
2.974914312362670898e-01
3.032508790493011475e-01
3.059699833393096924e-01
3.083369433879852295e-01
3.167776465415954590e-01
3.173332512378692627e-01
3.072948157787322998e-01
3.121926188468933105e-01
3.071314394474029541e-01
3.198948502540588379e-01
3.061656057834625244e-01
2.959215342998504639e-01
2.968343496322631836e-01
2.928612232208251953e-01
2.882959544658660889e-01
2.993001937866210938e-01
2.929335236549377441e-01
2.999416291713714600e-01
2.941815555095672607e-01
3.092338740825653076e-01
3.043342530727386475e-01
3.288675248622894287e-01
3.225308358669281006e-01
3.010851144790649414e-01
3.179485797882080078e-01
3.003199100494384766e-01
2.898262143135070801e-01
2.959398329257965088e-01
2.946030199527740479e-01
2.989565432071685791e-01
2.933076918125152588e-01
2.909779548645019531e-01
3.081930577754974365e-01
3.105330765247344971e-01
3.055082261562347412e-01
3.007291257381439209e-01
2.921807765960693359e-01
3.139223158359527588e-01
2.961287498474121094e-01
3.490324318408966064e-01
3.125086724758148193e-01
2.948027849197387695e-01
3.018231689929962158e-01
2.888619601726531982e-01
2.936831414699554443e-01
2.889183461666107178e-01
2.897147834300994873e-01
2.998030781745910645e-01
3.055741488933563232e-01
3.015702366828918457e-01
2.965919077396392822e-01
2.968424856662750244e-01
3.146277368068695068e-01
2.937979698181152344e-01
2.959192395210266113e-01
3.236824274063110352e-01
3.029374182224273682e-01
3.143024742603302002e-01
2.908616065979003906e-01
2.926681637763977051e-01
3.061653077602386475e-01
3.649884462356567383e-01
3.001654744148254395e-01
3.026412427425384521e-01
3.162686824798583984e-01
3.047534525394439697e-01
2.942732870578765869e-01
3.109462261199951172e-01
3.075902462005615234e-01
2.982713580131530762e-01
3.078880906105041504e-01
3.002954721450805664e-01
3.075616657733917236e-01
3.043757379055023193e-01
2.910948693752288818e-01
3.044954240322113037e-01
2.979452610015869141e-01
3.127707242965698242e-01
