7.026430964469909668e-01
6.296788454055786133e-01
5.893614888191223145e-01
5.855067372322082520e-01
5.794220566749572754e-01
5.746425986289978027e-01
5.697395205497741699e-01
5.369951725006103516e-01
5.222632884979248047e-01
5.496781468391418457e-01
5.274457335472106934e-01
5.265571475028991699e-01
5.050923228263854980e-01
5.142711997032165527e-01
5.007359981536865234e-01
5.338018536567687988e-01
4.623303115367889404e-01
4.811739921569824219e-01
4.675571620464324951e-01
4.644492268562316895e-01
4.312874376773834229e-01
4.315567910671234131e-01
4.448918998241424561e-01
4.528189897537231445e-01
4.112854897975921631e-01
3.957482278347015381e-01
4.027080535888671875e-01
3.941982388496398926e-01
4.184534251689910889e-01
3.994376063346862793e-01
3.966853320598602295e-01
4.353559613227844238e-01
3.765483498573303223e-01
3.545788228511810303e-01
3.804185390472412109e-01
3.490224778652191162e-01
3.720138072967529297e-01
3.820827603340148926e-01
3.449241816997528076e-01
3.651404976844787598e-01
3.300088346004486084e-01
3.459584712982177734e-01
3.918224871158599854e-01
3.607945442199707031e-01
3.444877564907073975e-01
3.416009247303009033e-01
3.678880631923675537e-01
3.440426290035247803e-01
3.494720160961151123e-01
3.238910138607025146e-01
3.278081417083740234e-01
3.000431060791015625e-01
3.241681754589080811e-01
3.117346465587615967e-01
3.123566508293151855e-01
3.324314057826995850e-01
3.279521167278289795e-01
3.053973317146301270e-01
3.175010383129119873e-01
3.144635856151580811e-01
3.160877227783203125e-01
3.297747671604156494e-01
3.177013099193572998e-01
3.171215057373046875e-01
3.094645738601684570e-01
3.386730849742889404e-01
2.905279695987701416e-01
2.929504513740539551e-01
3.002254664897918701e-01
3.220241069793701172e-01
3.219174742698669434e-01
3.432509601116180420e-01
2.905012667179107666e-01
2.722281515598297119e-01
3.146848380565643311e-01
2.986547946929931641e-01
2.885106205940246582e-01
3.046669960021972656e-01
3.660178780555725098e-01
2.625985741615295410e-01
2.723527848720550537e-01
2.940549552440643311e-01
2.869301438331604004e-01
2.656841278076171875e-01
2.785926163196563721e-01
2.790097594261169434e-01
3.398783206939697266e-01
2.883363366127014160e-01
2.866598069667816162e-01
2.891621291637420654e-01
2.812025249004364014e-01
2.684536576271057129e-01
2.911094129085540771e-01
2.868494689464569092e-01
2.583092153072357178e-01
2.826792299747467041e-01
2.608414888381958008e-01
2.713589072227478027e-01
3.063829839229583740e-01
2.695653438568115234e-01
2.611083090305328369e-01
2.804675996303558350e-01
2.822402715682983398e-01
3.013205528259277344e-01
2.911756932735443115e-01
2.509430050849914551e-01
2.729757428169250488e-01
2.885956466197967529e-01
2.880112826824188232e-01
2.864960730075836182e-01
2.749858498573303223e-01
2.479836642742156982e-01
2.604095041751861572e-01
2.616087496280670166e-01
2.914976775646209717e-01
2.582518160343170166e-01
2.575173079967498779e-01
2.777814865112304688e-01
2.581627070903778076e-01
2.679153978824615479e-01
2.357381582260131836e-01
2.340414524078369141e-01
2.538866698741912842e-01
2.621459066867828369e-01
2.692935168743133545e-01
2.178311794996261597e-01
2.619947791099548340e-01
2.492304444313049316e-01
2.123635858297348022e-01
2.663079202175140381e-01
2.555806338787078857e-01
2.398800402879714966e-01
2.536091804504394531e-01
2.630522251129150391e-01
2.446282953023910522e-01
2.481608390808105469e-01
2.555744946002960205e-01
2.375925034284591675e-01
2.173007577657699585e-01
2.404332160949707031e-01
2.511103749275207520e-01
2.400036156177520752e-01
2.493165582418441772e-01
2.244096845388412476e-01
2.417566329240798950e-01
2.122026532888412476e-01
2.115993946790695190e-01
2.480618059635162354e-01
2.347866594791412354e-01
2.290316373109817505e-01
2.294831573963165283e-01
2.646592557430267334e-01
2.470828741788864136e-01
2.250963002443313599e-01
2.462696582078933716e-01
2.407300770282745361e-01
2.111469954252243042e-01
2.062597721815109253e-01
2.441341876983642578e-01
2.731769979000091553e-01
