7.031458616256713867e-01
6.560049057006835938e-01
6.474767923355102539e-01
6.403769850730895996e-01
6.258878111839294434e-01
6.393929719924926758e-01
6.285818219184875488e-01
6.029114723205566406e-01
5.860528349876403809e-01
5.824850201606750488e-01
5.849453806877136230e-01
5.835176706314086914e-01
5.488919615745544434e-01
5.539146661758422852e-01
5.390748381614685059e-01
5.069594383239746094e-01
5.136839747428894043e-01
4.946985840797424316e-01
4.912142753601074219e-01
5.166441798210144043e-01
5.005022883415222168e-01
4.817795753479003906e-01
4.336894154548645020e-01
3.989908397197723389e-01
4.147288799285888672e-01
4.861043989658355713e-01
4.170718193054199219e-01
3.965532481670379639e-01
4.701801836490631104e-01
4.427406787872314453e-01
4.007925689220428467e-01
4.119461476802825928e-01
4.062061905860900879e-01
3.867141008377075195e-01
3.471899926662445068e-01
3.779947757720947266e-01
4.041508734226226807e-01
3.637241423130035400e-01
3.740848898887634277e-01
3.581439256668090820e-01
3.302831053733825684e-01
3.430792987346649170e-01
3.495884835720062256e-01
3.245622217655181885e-01
3.767811357975006104e-01
3.381789624691009521e-01
3.659908473491668701e-01
3.189605176448822021e-01
3.498055636882781982e-01
2.868998944759368896e-01
3.290637433528900146e-01
2.878997027873992920e-01
3.462763726711273193e-01
3.337642848491668701e-01
3.256097435951232910e-01
3.325150907039642334e-01
3.167959153652191162e-01
3.658849298954010010e-01
4.193453788757324219e-01
2.873540520668029785e-01
3.128643929958343506e-01
3.588525354862213135e-01
3.332751989364624023e-01
3.303274810314178467e-01
2.598248422145843506e-01
3.394257724285125732e-01
3.428565561771392822e-01
3.872526884078979492e-01
3.375487923622131348e-01
3.449058532714843750e-01
3.599974215030670166e-01
2.800404131412506104e-01
3.852679431438446045e-01
2.881765365600585938e-01
3.102562129497528076e-01
3.368231058120727539e-01
3.670323789119720459e-01
2.909111678600311279e-01
2.826320827007293701e-01
3.286148309707641602e-01
2.567294538021087646e-01
2.924547791481018066e-01
2.833436727523803711e-01
3.267411887645721436e-01
2.721107900142669678e-01
2.825156152248382568e-01
2.430708706378936768e-01
2.956256866455078125e-01
3.502210676670074463e-01
3.865625858306884766e-01
2.718458175659179688e-01
2.893052399158477783e-01
2.533669471740722656e-01
3.206690847873687744e-01
2.891561985015869141e-01
2.647102773189544678e-01
2.906334102153778076e-01
2.533643841743469238e-01
2.840302884578704834e-01
2.553647458553314209e-01
2.400079518556594849e-01
2.708571553230285645e-01
3.366328179836273193e-01
2.674688994884490967e-01
2.534526288509368896e-01
2.636843323707580566e-01
2.276282310485839844e-01
2.760905921459197998e-01
2.110457420349121094e-01
2.501871287822723389e-01
3.312863707542419434e-01
2.572749555110931396e-01
2.243881970643997192e-01
2.507212758064270020e-01
2.988444566726684570e-01
3.186174035072326660e-01
2.292682230472564697e-01
2.562747001647949219e-01
2.614971101284027100e-01
3.358484506607055664e-01
2.859157025814056396e-01
2.746935784816741943e-01
2.359200567007064819e-01
2.428137809038162231e-01
2.599459588527679443e-01
2.672836780548095703e-01
2.505590915679931641e-01
2.866544127464294434e-01
2.523894309997558594e-01
2.440893203020095825e-01
2.829444110393524170e-01
2.081005126237869263e-01
2.879399955272674561e-01
2.256237119436264038e-01
2.070156186819076538e-01
3.222306370735168457e-01
2.599325180053710938e-01
2.354506999254226685e-01
2.218224555253982544e-01
2.261258214712142944e-01
2.286817133426666260e-01
2.296306192874908447e-01
2.207384109497070312e-01
2.687937319278717041e-01
2.013893127441406250e-01
2.191563844680786133e-01
2.224816381931304932e-01
2.309463024139404297e-01
2.600686550140380859e-01
2.042675465345382690e-01
2.753470242023468018e-01
2.176492661237716675e-01
1.987021416425704956e-01
2.062956094741821289e-01
2.107803821563720703e-01
1.840430349111557007e-01
2.259215414524078369e-01
2.219564020633697510e-01
2.332040071487426758e-01
2.379348278045654297e-01
2.245277464389801025e-01
2.286410331726074219e-01
2.475449889898300171e-01
1.930117607116699219e-01
1.919573545455932617e-01
1.970141679048538208e-01
2.666617929935455322e-01
2.041829526424407959e-01
2.318322658538818359e-01
1.851114779710769653e-01
2.281283885240554810e-01
1.921170055866241455e-01
2.204155027866363525e-01
1.941085904836654663e-01
2.018197327852249146e-01
2.168853133916854858e-01
1.942772716283798218e-01
1.782933622598648071e-01
2.550663650035858154e-01
2.404845803976058960e-01
2.642293870449066162e-01
2.034908831119537354e-01
2.062492370605468750e-01
2.266050428152084351e-01
2.127503454685211182e-01
2.111639231443405151e-01
2.120940238237380981e-01
1.891472786664962769e-01
2.285886257886886597e-01
1.779736280441284180e-01
2.221399098634719849e-01
2.025668472051620483e-01
2.069943696260452271e-01
1.759362220764160156e-01
2.315981239080429077e-01
1.765394508838653564e-01
2.185726463794708252e-01
1.802856028079986572e-01
2.459510415792465210e-01
2.148668766021728516e-01
2.146978378295898438e-01
1.813956052064895630e-01
1.970295906066894531e-01
1.868353188037872314e-01
2.043104916810989380e-01
1.940917968750000000e-01
1.726895421743392944e-01
2.286134809255599976e-01
1.892659962177276611e-01
1.833015978336334229e-01
2.142828553915023804e-01
1.886185258626937866e-01
1.877713799476623535e-01
2.061118185520172119e-01
2.286773025989532471e-01
1.806742846965789795e-01
1.835478246212005615e-01
1.725960075855255127e-01
1.885064691305160522e-01
1.560072600841522217e-01
1.738985627889633179e-01
2.036010473966598511e-01
2.024226188659667969e-01
1.974700242280960083e-01
2.012944221496582031e-01
1.988011896610260010e-01
1.931739449501037598e-01
1.668527424335479736e-01
2.030269205570220947e-01
2.087182253599166870e-01
2.092620581388473511e-01
1.948772966861724854e-01
1.669353842735290527e-01
1.752807348966598511e-01
1.755392104387283325e-01
1.884691715240478516e-01
1.442328691482543945e-01
1.687146872282028198e-01
1.507838219404220581e-01
1.667113304138183594e-01
1.576424837112426758e-01
1.978730559349060059e-01
1.691135019063949585e-01
1.588519215583801270e-01
1.582604944705963135e-01
1.686635315418243408e-01
1.750610619783401489e-01
1.628016680479049683e-01
1.605366021394729614e-01
1.508004814386367798e-01
1.610253304243087769e-01
2.108581513166427612e-01
1.461441963911056519e-01
1.820724457502365112e-01
1.905839145183563232e-01
2.090683281421661377e-01
1.813101619482040405e-01
1.840413361787796021e-01
1.718217581510543823e-01
1.853790134191513062e-01
1.913384050130844116e-01
1.936628818511962891e-01
2.097449302673339844e-01
1.667944788932800293e-01
1.746267527341842651e-01
1.819510459899902344e-01
1.661013215780258179e-01
1.580977737903594971e-01
1.521091014146804810e-01
1.397322416305541992e-01
1.547446250915527344e-01
1.731893122196197510e-01
1.963453143835067749e-01
1.380409449338912964e-01
1.565434783697128296e-01
1.549629271030426025e-01
1.737404316663742065e-01
1.326293498277664185e-01
1.356752514839172363e-01
2.081961184740066528e-01
1.914566755294799805e-01
1.906505674123764038e-01
1.419784277677536011e-01
1.758123636245727539e-01
1.652216464281082153e-01
1.728835403919219971e-01
1.661885827779769897e-01
1.811321377754211426e-01
1.684398055076599121e-01
1.522042900323867798e-01
1.938862055540084839e-01
1.557068526744842529e-01
1.824547350406646729e-01
1.629907935857772827e-01
1.798039674758911133e-01
1.465810984373092651e-01
1.862665712833404541e-01
1.589989960193634033e-01
1.508107334375381470e-01
1.574578732252120972e-01
1.492184251546859741e-01
1.564325392246246338e-01
1.736837327480316162e-01
1.366364210844039917e-01
1.566799134016036987e-01
1.391238421201705933e-01
1.401193588972091675e-01
1.651945710182189941e-01
1.916787475347518921e-01
1.735957711935043335e-01
1.391237527132034302e-01
1.349865943193435669e-01
1.400514096021652222e-01
1.900376677513122559e-01
1.418257951736450195e-01
1.584146469831466675e-01
1.624938100576400757e-01
2.163436412811279297e-01
1.534658521413803101e-01
1.459275633096694946e-01
2.121609300374984741e-01
1.366104334592819214e-01
1.980456858873367310e-01
1.602548211812973022e-01
1.826892644166946411e-01
1.395240873098373413e-01
1.827139109373092651e-01
1.494055986404418945e-01
1.437629014253616333e-01
1.545143872499465942e-01
1.554452031850814819e-01
1.533993333578109741e-01
1.599446982145309448e-01
1.386638283729553223e-01
1.474868953227996826e-01
1.803365796804428101e-01
1.494803875684738159e-01
1.605424135923385620e-01
1.320768296718597412e-01
1.605471223592758179e-01
1.526425182819366455e-01
1.346859931945800781e-01
1.889495700597763062e-01
1.578924953937530518e-01
1.529724597930908203e-01
1.608049720525741577e-01
1.527680456638336182e-01
1.884324401617050171e-01
1.371209621429443359e-01
1.251711994409561157e-01
1.568236798048019409e-01
1.587591171264648438e-01
1.527962535619735718e-01
1.456422060728073120e-01
1.691099852323532104e-01
1.777523010969161987e-01
1.505804806947708130e-01
1.369304358959197998e-01
1.759469211101531982e-01
1.430285573005676270e-01
1.295222789049148560e-01
1.612444221973419189e-01
1.923634856939315796e-01
1.180686131119728088e-01
1.729459017515182495e-01
1.677828580141067505e-01
1.537721753120422363e-01
1.647180020809173584e-01
1.481782644987106323e-01
1.550950258970260620e-01
1.810070127248764038e-01
1.295267343521118164e-01
1.291534453630447388e-01
1.195937395095825195e-01
1.945253461599349976e-01
1.540228426456451416e-01
1.535342335700988770e-01
1.502708196640014648e-01
1.240035817027091980e-01
1.333613693714141846e-01
1.258760094642639160e-01
1.475186794996261597e-01
1.455947160720825195e-01
1.488538533449172974e-01
1.173957362771034241e-01
1.806139498949050903e-01
1.300275623798370361e-01
1.547389775514602661e-01
1.564469635486602783e-01
1.297511309385299683e-01
1.330807507038116455e-01
1.629963368177413940e-01
1.255968511104583740e-01
1.310863941907882690e-01
1.594357043504714966e-01
1.191009804606437683e-01
1.217739135026931763e-01
2.549687027931213379e-01
1.974287331104278564e-01
1.306969672441482544e-01
1.587953865528106689e-01
2.067741900682449341e-01
1.754379421472549438e-01
1.454684585332870483e-01
1.736954152584075928e-01
1.421420723199844360e-01
1.331757754087448120e-01
1.399147957563400269e-01
1.707137525081634521e-01
1.504437029361724854e-01
1.409115046262741089e-01
1.348689496517181396e-01
1.395049393177032471e-01
1.381693929433822632e-01
1.368859857320785522e-01
1.402548402547836304e-01
1.388597935438156128e-01
1.798098832368850708e-01
1.470672190189361572e-01
1.403790414333343506e-01
1.551687568426132202e-01
1.266423016786575317e-01
1.419893354177474976e-01
1.486066430807113647e-01
1.377156078815460205e-01
1.083492264151573181e-01
1.249033436179161072e-01
1.279841512441635132e-01
1.471356302499771118e-01
1.781982779502868652e-01
1.146563813090324402e-01
1.527515351772308350e-01
1.524562835693359375e-01
1.374637782573699951e-01
1.361732482910156250e-01
1.698405295610427856e-01
1.210919618606567383e-01
1.378806382417678833e-01
1.325813382863998413e-01
1.283064633607864380e-01
1.288407891988754272e-01
1.914902180433273315e-01
1.221355199813842773e-01
1.199187412858009338e-01
1.484649181365966797e-01
1.217515021562576294e-01
1.158315911889076233e-01
1.168187409639358521e-01
1.337203681468963623e-01
1.334414482116699219e-01
1.183176189661026001e-01
1.614298075437545776e-01
1.075379177927970886e-01
1.226044222712516785e-01
1.324974745512008667e-01
1.285623461008071899e-01
1.025554463267326355e-01
1.384962201118469238e-01
1.202540621161460876e-01
1.213552951812744141e-01
1.415673941373825073e-01
1.148997470736503601e-01
1.231599673628807068e-01
1.139940991997718811e-01
1.223455071449279785e-01
1.316459625959396362e-01
1.602726280689239502e-01
1.045842170715332031e-01
1.289870142936706543e-01
1.047062426805496216e-01
1.244890689849853516e-01
1.388909071683883667e-01
1.186422333121299744e-01
1.411043405532836914e-01
1.371824741363525391e-01
1.102553382515907288e-01
1.326954662799835205e-01
1.670511513948440552e-01
1.189831495285034180e-01
1.164424419403076172e-01
