7.628411650657653809e-01
6.958622932434082031e-01
6.631866693496704102e-01
6.423681378364562988e-01
6.288315057754516602e-01
6.107854247093200684e-01
5.930001139640808105e-01
5.830799341201782227e-01
5.624001622200012207e-01
5.572767853736877441e-01
5.352439880371093750e-01
5.451817512512207031e-01
5.260431170463562012e-01
5.320515036582946777e-01
5.372684597969055176e-01
5.139538645744323730e-01
4.999255239963531494e-01
4.943646490573883057e-01
4.952187538146972656e-01
4.936076104640960693e-01
4.822858870029449463e-01
4.830593764781951904e-01
4.781478941440582275e-01
4.708155691623687744e-01
4.650621116161346436e-01
4.505810439586639404e-01
4.429736137390136719e-01
4.515661299228668213e-01
4.348870217800140381e-01
4.455418586730957031e-01
4.519274830818176270e-01
4.428954720497131348e-01
4.272967278957366943e-01
4.087078273296356201e-01
4.293389320373535156e-01
4.046789109706878662e-01
4.294221103191375732e-01
4.112933278083801270e-01
4.014305174350738525e-01
3.933448195457458496e-01
3.899034857749938965e-01
3.856868147850036621e-01
3.909834325313568115e-01
3.962715566158294678e-01
3.983394503593444824e-01
4.034046828746795654e-01
3.724033534526824951e-01
3.840399086475372314e-01
3.613277077674865723e-01
4.577075541019439697e-01
3.541421890258789062e-01
3.616220653057098389e-01
3.539851605892181396e-01
3.678450286388397217e-01
3.528552055358886719e-01
3.589321076869964600e-01
3.464577794075012207e-01
3.734245002269744873e-01
3.736385107040405273e-01
3.555002212524414062e-01
3.719583451747894287e-01
3.398071527481079102e-01
3.321219384670257568e-01
3.497070074081420898e-01
3.516363203525543213e-01
3.334372639656066895e-01
3.437502086162567139e-01
3.718607425689697266e-01
3.333810865879058838e-01
3.444707393646240234e-01
3.386088013648986816e-01
4.022727906703948975e-01
3.385265767574310303e-01
3.227804303169250488e-01
3.681047260761260986e-01
3.570028245449066162e-01
3.244342803955078125e-01
3.268096745014190674e-01
3.979346454143524170e-01
3.239416480064392090e-01
3.292678594589233398e-01
3.309925496578216553e-01
3.224986791610717773e-01
3.370161354541778564e-01
3.104995191097259521e-01
3.197588920593261719e-01
3.174588680267333984e-01
4.103990495204925537e-01
3.080894649028778076e-01
3.109124004840850830e-01
3.684595525264739990e-01
3.096067607402801514e-01
3.181457519531250000e-01
3.323675096035003662e-01
3.270915448665618896e-01
3.366335332393646240e-01
3.055286407470703125e-01
3.225762844085693359e-01
3.279992938041687012e-01
3.055906891822814941e-01
3.508887290954589844e-01
3.198803067207336426e-01
3.148438036441802979e-01
3.080345690250396729e-01
3.198292851448059082e-01
3.712030947208404541e-01
2.963763177394866943e-01
3.182211518287658691e-01
2.976836562156677246e-01
3.342071175575256348e-01
2.868277728557586670e-01
3.103702664375305176e-01
3.254915177822113037e-01
2.834185659885406494e-01
3.025401532649993896e-01
3.253708779811859131e-01
3.758774399757385254e-01
2.941354811191558838e-01
3.176954686641693115e-01
2.927595078945159912e-01
3.215681910514831543e-01
3.130073249340057373e-01
2.972792685031890869e-01
2.962196767330169678e-01
2.976727187633514404e-01
3.253514468669891357e-01
3.077275454998016357e-01
3.036310374736785889e-01
3.054389953613281250e-01
3.123863041400909424e-01
3.274954855442047119e-01
2.890569865703582764e-01
2.740735709667205811e-01
3.040530383586883545e-01
2.745233476161956787e-01
2.773182392120361328e-01
3.038970232009887695e-01
3.067595660686492920e-01
3.073085248470306396e-01
2.754575610160827637e-01
2.931458055973052979e-01
2.850982546806335449e-01
3.035316467285156250e-01
3.096155822277069092e-01
2.991896271705627441e-01
2.782633304595947266e-01
2.964802682399749756e-01
2.907286286354064941e-01
2.807427942752838135e-01
2.863679528236389160e-01
2.975528240203857422e-01
2.838077247142791748e-01
2.754879891872406006e-01
3.082401454448699951e-01
2.779039442539215088e-01
2.812592983245849609e-01
2.720714509487152100e-01
2.797731459140777588e-01
2.768873274326324463e-01
3.118902742862701416e-01
2.827312052249908447e-01
2.707811295986175537e-01
2.871733605861663818e-01
2.702589929103851318e-01
2.878678739070892334e-01
2.872369289398193359e-01
2.867779135704040527e-01
2.996952235698699951e-01
2.596854269504547119e-01
2.593369185924530029e-01
2.841929495334625244e-01
2.775114178657531738e-01
3.168232142925262451e-01
2.752709090709686279e-01
2.615621984004974365e-01
2.788293063640594482e-01
2.738010585308074951e-01
3.026539981365203857e-01
2.827680706977844238e-01
2.729955017566680908e-01
2.833723723888397217e-01
2.882403731346130371e-01
2.671078741550445557e-01
2.663316726684570312e-01
3.001470565795898438e-01
2.677331566810607910e-01
3.051275610923767090e-01
2.762212455272674561e-01
2.610037028789520264e-01
2.668325304985046387e-01
2.766597867012023926e-01
2.608316540718078613e-01
2.761690318584442139e-01
2.946742475032806396e-01
3.225492537021636963e-01
2.584747076034545898e-01
2.690027058124542236e-01
2.663666903972625732e-01
2.724154889583587646e-01
2.693029344081878662e-01
2.873992621898651123e-01
3.076532483100891113e-01
2.918766140937805176e-01
2.668506801128387451e-01
3.027481138706207275e-01
2.851571142673492432e-01
2.691107690334320068e-01
3.018723726272583008e-01
2.847805321216583252e-01
2.560557723045349121e-01
2.599215209484100342e-01
2.822168171405792236e-01
2.729355692863464355e-01
2.754066884517669678e-01
2.742583453655242920e-01
2.625066936016082764e-01
2.577949166297912598e-01
2.766986787319183350e-01
2.773665487766265869e-01
2.688197195529937744e-01
3.145519196987152100e-01
2.795799672603607178e-01
2.506857812404632568e-01
2.787007987499237061e-01
2.870461940765380859e-01
2.684060633182525635e-01
2.719871401786804199e-01
2.653634548187255859e-01
2.622945904731750488e-01
2.596935927867889404e-01
2.527647912502288818e-01
2.515674233436584473e-01
2.651689648628234863e-01
2.707031071186065674e-01
2.648256421089172363e-01
2.694353163242340088e-01
2.904971241950988770e-01
2.629368603229522705e-01
2.630033791065216064e-01
2.813650071620941162e-01
2.663429379463195801e-01
2.689560353755950928e-01
2.608258426189422607e-01
2.748538255691528320e-01
2.521316409111022949e-01
2.828764021396636963e-01
2.489409446716308594e-01
2.507445812225341797e-01
2.738884389400482178e-01
2.700445652008056641e-01
2.589589655399322510e-01
2.849800586700439453e-01
2.541025578975677490e-01
2.606255710124969482e-01
2.671250998973846436e-01
2.606091201305389404e-01
2.647974193096160889e-01
2.766801416873931885e-01
2.864553630352020264e-01
2.512205541133880615e-01
2.531194984912872314e-01
2.559879422187805176e-01
2.654855847358703613e-01
2.573330402374267578e-01
2.695342600345611572e-01
2.760190963745117188e-01
2.500323355197906494e-01
2.589444518089294434e-01
2.498176097869873047e-01
2.663896977901458740e-01
2.735930979251861572e-01
2.587678134441375732e-01
2.479024380445480347e-01
2.548643350601196289e-01
2.652080357074737549e-01
2.572902739048004150e-01
2.451753169298171997e-01
2.399932146072387695e-01
2.499618977308273315e-01
2.625012993812561035e-01
2.577385902404785156e-01
2.806523740291595459e-01
2.539640367031097412e-01
2.654998898506164551e-01
2.749743163585662842e-01
2.542741298675537109e-01
2.631132304668426514e-01
2.385956794023513794e-01
2.670577466487884521e-01
2.524626255035400391e-01
2.550058960914611816e-01
2.437550127506256104e-01
2.523658275604248047e-01
2.724564969539642334e-01
2.430295944213867188e-01
2.576909959316253662e-01
2.446350306272506714e-01
2.523077130317687988e-01
2.452967166900634766e-01
2.535611689090728760e-01
2.614089548587799072e-01
2.647818624973297119e-01
2.739386260509490967e-01
2.478604167699813843e-01
2.380375415086746216e-01
2.527363300323486328e-01
2.460238188505172729e-01
2.708033621311187744e-01
2.524830996990203857e-01
2.399789392948150635e-01
2.448895722627639771e-01
2.542766332626342773e-01
2.470680773258209229e-01
2.382500469684600830e-01
2.371480762958526611e-01
2.473444491624832153e-01
2.757251560688018799e-01
2.536419332027435303e-01
2.581646144390106201e-01
2.368193417787551880e-01
2.811650335788726807e-01
2.566647231578826904e-01
2.443191558122634888e-01
2.443931847810745239e-01
2.788520455360412598e-01
2.431787997484207153e-01
2.332801371812820435e-01
2.648906707763671875e-01
2.674238383769989014e-01
2.715485692024230957e-01
2.418036311864852905e-01
2.367634773254394531e-01
2.686473727226257324e-01
2.373168766498565674e-01
2.386588156223297119e-01
2.391779869794845581e-01
2.416404932737350464e-01
2.690502107143402100e-01
2.549440562725067139e-01
2.817642688751220703e-01
2.585381269454956055e-01
2.380965799093246460e-01
2.493604272603988647e-01
2.405063211917877197e-01
2.392041534185409546e-01
2.383900880813598633e-01
2.686632871627807617e-01
2.340338230133056641e-01
2.392809242010116577e-01
2.428760379552841187e-01
2.431551516056060791e-01
2.803618907928466797e-01
2.380464524030685425e-01
2.677595913410186768e-01
2.346658557653427124e-01
2.317695617675781250e-01
2.713497877120971680e-01
2.588595449924468994e-01
2.427718192338943481e-01
2.490554153919219971e-01
2.401400655508041382e-01
2.564590573310852051e-01
2.380765676498413086e-01
2.429876774549484253e-01
2.310249358415603638e-01
2.319983541965484619e-01
2.309783995151519775e-01
2.488690167665481567e-01
2.649691104888916016e-01
2.347476333379745483e-01
2.654989659786224365e-01
2.466939538717269897e-01
2.471588104963302612e-01
2.502580285072326660e-01
2.650028169155120850e-01
2.395841181278228760e-01
2.439100742340087891e-01
2.465233355760574341e-01
2.605333924293518066e-01
2.404577285051345825e-01
2.669222950935363770e-01
2.566377818584442139e-01
3.428074419498443604e-01
2.398072779178619385e-01
2.701926231384277344e-01
2.651096284389495850e-01
2.603448331356048584e-01
2.386064976453781128e-01
2.410945147275924683e-01
2.410270720720291138e-01
2.335072606801986694e-01
2.498917430639266968e-01
2.412296831607818604e-01
2.316377609968185425e-01
2.650799751281738281e-01
2.379754632711410522e-01
2.292306423187255859e-01
2.417196333408355713e-01
2.489510029554367065e-01
2.444728016853332520e-01
2.372309267520904541e-01
2.454798668622970581e-01
2.443789094686508179e-01
2.279137670993804932e-01
2.403299361467361450e-01
2.409288734197616577e-01
2.341115474700927734e-01
2.380243837833404541e-01
2.397446483373641968e-01
2.436191588640213013e-01
2.440921068191528320e-01
2.591991424560546875e-01
2.392336428165435791e-01
2.889738082885742188e-01
2.723952233791351318e-01
2.301860600709915161e-01
2.444532960653305054e-01
2.317601740360260010e-01
2.735010683536529541e-01
2.491291314363479614e-01
2.495416849851608276e-01
2.617882192134857178e-01
2.477353662252426147e-01
2.510907948017120361e-01
2.317643910646438599e-01
2.350319474935531616e-01
2.280994504690170288e-01
2.457205802202224731e-01
2.312988340854644775e-01
2.388944178819656372e-01
3.366319239139556885e-01
2.601261138916015625e-01
2.698958516120910645e-01
2.304862737655639648e-01
2.471365928649902344e-01
2.503561079502105713e-01
2.361240833997726440e-01
2.342879325151443481e-01
2.341946661472320557e-01
2.251801788806915283e-01
2.602362632751464844e-01
2.347851842641830444e-01
2.346463054418563843e-01
2.312456220388412476e-01
2.331092804670333862e-01
2.303394824266433716e-01
2.641039490699768066e-01
2.407649755477905273e-01
2.272794544696807861e-01
2.251887321472167969e-01
2.442988604307174683e-01
2.619722485542297363e-01
2.556730210781097412e-01
2.508144676685333252e-01
2.530693709850311279e-01
2.452732175588607788e-01
2.289033979177474976e-01
2.477621585130691528e-01
2.476220577955245972e-01
2.382174581289291382e-01
2.460667937994003296e-01
2.352786064147949219e-01
2.388801127672195435e-01
2.357132434844970703e-01
2.712151706218719482e-01
2.898710668087005615e-01
2.418500483036041260e-01
2.376118898391723633e-01
2.370198518037796021e-01
2.432931959629058838e-01
2.588141560554504395e-01
2.310011833906173706e-01
2.328041344881057739e-01
2.549894750118255615e-01
2.385407984256744385e-01
2.234903424978256226e-01
2.312121391296386719e-01
2.213854044675827026e-01
2.135970592498779297e-01
2.352577894926071167e-01
2.747259736061096191e-01
2.510755360126495361e-01
2.272665947675704956e-01
2.395677864551544189e-01
2.210799753665924072e-01
2.266600430011749268e-01
2.376014441251754761e-01
2.350420951843261719e-01
2.360189706087112427e-01
2.307872623205184937e-01
2.322760373353958130e-01
2.274948209524154663e-01
2.433707714080810547e-01
2.312391251325607300e-01
2.281242907047271729e-01
2.344423383474349976e-01
2.332664728164672852e-01
2.273157089948654175e-01
2.254335433244705200e-01
2.476157397031784058e-01
2.466019243001937866e-01
2.252245992422103882e-01
2.284736633300781250e-01
2.424787580966949463e-01
2.259657382965087891e-01
2.327175438404083252e-01
2.317522764205932617e-01
2.323937714099884033e-01
2.516952455043792725e-01
2.289816439151763916e-01
2.302124798297882080e-01
2.335739582777023315e-01
2.429176867008209229e-01
2.239629775285720825e-01
2.304214090108871460e-01
2.319101840257644653e-01
2.237246781587600708e-01
2.410359233617782593e-01
2.348888665437698364e-01
2.211817800998687744e-01
2.314593046903610229e-01
2.301907390356063843e-01
2.335862964391708374e-01
2.403148412704467773e-01
2.389161586761474609e-01
2.293693274259567261e-01
2.328373938798904419e-01
2.381492853164672852e-01
2.197189778089523315e-01
2.347926199436187744e-01
2.510144710540771484e-01
2.298996448516845703e-01
2.323223352432250977e-01
2.330541610717773438e-01
2.367267161607742310e-01
2.453855574131011963e-01
2.165691107511520386e-01
2.203378677368164062e-01
2.177226841449737549e-01
2.563275098800659180e-01
2.345374375581741333e-01
2.177242487668991089e-01
2.371873855590820312e-01
2.184328883886337280e-01
2.206882983446121216e-01
2.244701385498046875e-01
2.285855561494827271e-01
2.234195470809936523e-01
2.699052989482879639e-01
2.352120876312255859e-01
2.606701552867889404e-01
2.601118981838226318e-01
2.338200360536575317e-01
2.376744747161865234e-01
2.243710011243820190e-01
2.205849140882492065e-01
2.470623999834060669e-01
2.295218259096145630e-01
2.177608460187911987e-01
2.215203642845153809e-01
2.365944832563400269e-01
2.480512857437133789e-01
2.395328134298324585e-01
2.147013992071151733e-01
2.305021286010742188e-01
2.276404201984405518e-01
2.433784455060958862e-01
2.222330868244171143e-01
2.168505191802978516e-01
2.259580641984939575e-01
2.354221642017364502e-01
2.647245824337005615e-01
2.270636558532714844e-01
2.284878939390182495e-01
2.661094963550567627e-01
2.398351281881332397e-01
2.623126506805419922e-01
2.355826944112777710e-01
2.411633729934692383e-01
2.539735436439514160e-01
2.516033053398132324e-01
2.341294139623641968e-01
2.414519786834716797e-01
2.401461601257324219e-01
2.217640727758407593e-01
2.309837788343429565e-01
2.279963493347167969e-01
2.212590724229812622e-01
2.169783562421798706e-01
2.256621867418289185e-01
2.381863594055175781e-01
2.366269677877426147e-01
2.193865776062011719e-01
2.264799624681472778e-01
2.487725764513015747e-01
2.322710305452346802e-01
2.436894476413726807e-01
2.508068978786468506e-01
2.368502169847488403e-01
2.252454310655593872e-01
2.315187007188796997e-01
2.252433300018310547e-01
2.239987403154373169e-01
2.209068834781646729e-01
2.183122932910919189e-01
2.106340974569320679e-01
2.644917368888854980e-01
2.320374548435211182e-01
2.933436930179595947e-01
2.238196134567260742e-01
2.214706391096115112e-01
2.348959892988204956e-01
2.232395410537719727e-01
2.312201559543609619e-01
2.305571883916854858e-01
2.184592336416244507e-01
2.291896194219589233e-01
2.119531482458114624e-01
2.344007939100265503e-01
2.355708330869674683e-01
2.438900768756866455e-01
2.245418280363082886e-01
2.223646491765975952e-01
2.184717953205108643e-01
2.275019139051437378e-01
2.130257338285446167e-01
2.175116539001464844e-01
2.294301986694335938e-01
2.156530469655990601e-01
2.269136160612106323e-01
2.683888077735900879e-01
2.279492467641830444e-01
2.212525457143783569e-01
2.205189764499664307e-01
2.236238270998001099e-01
2.218364924192428589e-01
2.204013317823410034e-01
2.672455012798309326e-01
2.542601227760314941e-01
2.142418771982192993e-01
2.273641377687454224e-01
2.295402139425277710e-01
2.307327985763549805e-01
2.361741513013839722e-01
2.249239981174468994e-01
2.286163121461868286e-01
2.231638282537460327e-01
2.285954505205154419e-01
2.223060578107833862e-01
2.477596998214721680e-01
2.110412567853927612e-01
2.149265557527542114e-01
2.124570906162261963e-01
2.298555821180343628e-01
2.119508534669876099e-01
2.187954038381576538e-01
2.370722144842147827e-01
2.425592392683029175e-01
2.218449115753173828e-01
2.357249259948730469e-01
2.231926769018173218e-01
2.229455560445785522e-01
2.597044706344604492e-01
2.132280319929122925e-01
2.502847611904144287e-01
2.165384292602539062e-01
2.128559798002243042e-01
2.176342010498046875e-01
2.169939577579498291e-01
2.046221345663070679e-01
2.200296968221664429e-01
2.180894911289215088e-01
2.166860103607177734e-01
2.132322788238525391e-01
2.479272931814193726e-01
2.208319455385208130e-01
2.215338051319122314e-01
2.534123361110687256e-01
2.272362709045410156e-01
2.137876003980636597e-01
2.188761234283447266e-01
2.617966830730438232e-01
2.197339981794357300e-01
2.452651560306549072e-01
2.337455302476882935e-01
2.228199541568756104e-01
2.436592578887939453e-01
2.397751063108444214e-01
2.158842533826828003e-01
2.393230944871902466e-01
2.318944483995437622e-01
2.102009803056716919e-01
2.196410745382308960e-01
2.281946390867233276e-01
2.228005975484848022e-01
2.367632240056991577e-01
2.182693034410476685e-01
2.286856174468994141e-01
2.392818480730056763e-01
2.221827954053878784e-01
2.320258468389511108e-01
2.346507608890533447e-01
2.133354246616363525e-01
2.195200026035308838e-01
2.099869698286056519e-01
2.222005575895309448e-01
2.257260531187057495e-01
2.335934191942214966e-01
2.281311005353927612e-01
2.154638320207595825e-01
2.217616587877273560e-01
2.277779132127761841e-01
2.406909912824630737e-01
2.316648066043853760e-01
2.272643148899078369e-01
2.129337340593338013e-01
2.181112766265869141e-01
2.048597186803817749e-01
2.177288383245468140e-01
2.380197644233703613e-01
2.247270643711090088e-01
2.241980582475662231e-01
2.128774970769882202e-01
2.168593704700469971e-01
2.177759855985641479e-01
2.194110006093978882e-01
2.138995975255966187e-01
2.263491600751876831e-01
2.160774767398834229e-01
2.199530154466629028e-01
2.210674285888671875e-01
2.139894813299179077e-01
2.444499284029006958e-01
2.100065797567367554e-01
2.209024876356124878e-01
2.099587470293045044e-01
2.924204170703887939e-01
2.071555852890014648e-01
2.301612943410873413e-01
2.283985912799835205e-01
2.334369868040084839e-01
2.058512419462203979e-01
2.035268545150756836e-01
2.281373590230941772e-01
2.167807370424270630e-01
2.181940078735351562e-01
2.249637693166732788e-01
2.294620275497436523e-01
2.115399837493896484e-01
2.537940442562103271e-01
2.178225070238113403e-01
2.096605747938156128e-01
2.291126251220703125e-01
2.234529554843902588e-01
2.144383639097213745e-01
2.329376786947250366e-01
2.093387097120285034e-01
2.400119751691818237e-01
2.120717018842697144e-01
2.230879068374633789e-01
2.158060520887374878e-01
2.124421596527099609e-01
2.036893814802169800e-01
2.356284111738204956e-01
2.232537120580673218e-01
2.186959087848663330e-01
2.234000265598297119e-01
2.274422943592071533e-01
2.082904428243637085e-01
2.097773998975753784e-01
2.337110340595245361e-01
2.344886064529418945e-01
2.110750526189804077e-01
2.060872316360473633e-01
2.122236937284469604e-01
2.233262062072753906e-01
2.115015983581542969e-01
2.317015379667282104e-01
2.105765789747238159e-01
2.673855423927307129e-01
2.262211292982101440e-01
2.191141694784164429e-01
2.181785851716995239e-01
2.108476608991622925e-01
2.238104641437530518e-01
2.086181640625000000e-01
2.162968218326568604e-01
2.122978270053863525e-01
2.303552478551864624e-01
2.116439193487167358e-01
2.267920523881912231e-01
2.452082186937332153e-01
2.271601706743240356e-01
2.152024060487747192e-01
2.230512201786041260e-01
2.165375947952270508e-01
2.118759155273437500e-01
2.199967950582504272e-01
2.100937366485595703e-01
2.097862511873245239e-01
2.209428846836090088e-01
2.542315423488616943e-01
2.263239622116088867e-01
2.070953398942947388e-01
2.066532671451568604e-01
2.181601822376251221e-01
2.055759429931640625e-01
2.127575427293777466e-01
2.089072763919830322e-01
2.119522541761398315e-01
1.995426714420318604e-01
2.300104647874832153e-01
2.131042033433914185e-01
2.056261152029037476e-01
2.080646008253097534e-01
2.545598447322845459e-01
2.060655653476715088e-01
2.133091986179351807e-01
2.034569084644317627e-01
2.241370975971221924e-01
2.196312397718429565e-01
2.191875725984573364e-01
2.183925658464431763e-01
2.103503793478012085e-01
2.081480026245117188e-01
2.213162034749984741e-01
2.009721994400024414e-01
2.125901728868484497e-01
2.136586457490921021e-01
2.105976194143295288e-01
2.514083981513977051e-01
2.513620555400848389e-01
2.060720920562744141e-01
2.136493176221847534e-01
2.235217094421386719e-01
2.137809544801712036e-01
2.249234169721603394e-01
2.156991958618164062e-01
2.156355828046798706e-01
2.238600701093673706e-01
2.179104834794998169e-01
2.108289003372192383e-01
2.126153558492660522e-01
2.311257421970367432e-01
2.019609063863754272e-01
2.251354455947875977e-01
2.324510067701339722e-01
2.209709733724594116e-01
2.073754817247390747e-01
2.094039022922515869e-01
2.315736860036849976e-01
2.193209230899810791e-01
2.028204202651977539e-01
2.069418877363204956e-01
2.192882597446441650e-01
2.176684141159057617e-01
2.028656750917434692e-01
2.095144838094711304e-01
2.128635197877883911e-01
2.156804054975509644e-01
2.095514386892318726e-01
2.023749649524688721e-01
2.447302341461181641e-01
2.158684283494949341e-01
2.060758620500564575e-01
2.202766984701156616e-01
2.185125350952148438e-01
2.244310826063156128e-01
2.180783301591873169e-01
2.218603938817977905e-01
2.300596982240676880e-01
2.727291285991668701e-01
2.200048416852951050e-01
2.127016335725784302e-01
2.048232853412628174e-01
2.105817794799804688e-01
2.282638847827911377e-01
2.062002718448638916e-01
2.197701483964920044e-01
2.209171354770660400e-01
2.247816175222396851e-01
2.224521636962890625e-01
2.401593774557113647e-01
2.085881084203720093e-01
2.146984338760375977e-01
2.173091918230056763e-01
2.446685284376144409e-01
2.151152193546295166e-01
2.137856483459472656e-01
2.140345871448516846e-01
2.036636918783187866e-01
2.325318306684494019e-01
2.140270769596099854e-01
2.115286141633987427e-01
2.094827145338058472e-01
2.185252904891967773e-01
2.166194468736648560e-01
2.239551544189453125e-01
2.045077085494995117e-01
2.144707292318344116e-01
2.158809751272201538e-01
2.285194247961044312e-01
2.030490189790725708e-01
2.071309536695480347e-01
2.271111458539962769e-01
1.989026814699172974e-01
2.082885503768920898e-01
2.496743947267532349e-01
2.305849641561508179e-01
2.155308574438095093e-01
2.038245648145675659e-01
2.140202522277832031e-01
2.128727436065673828e-01
2.087009400129318237e-01
2.066214084625244141e-01
2.231049984693527222e-01
2.093705683946609497e-01
2.079290449619293213e-01
2.413424104452133179e-01
2.080227583646774292e-01
1.995468288660049438e-01
2.195957005023956299e-01
2.067649364471435547e-01
2.034009993076324463e-01
2.158300131559371948e-01
2.298847287893295288e-01
2.065666168928146362e-01
2.067669481039047241e-01
2.310045212507247925e-01
2.121639698743820190e-01
2.059334814548492432e-01
2.179728001356124878e-01
2.090072184801101685e-01
2.167719453573226929e-01
2.605956494808197021e-01
2.114917784929275513e-01
2.181323319673538208e-01
2.178482115268707275e-01
2.333879917860031128e-01
2.133525907993316650e-01
2.408435344696044922e-01
2.044243365526199341e-01
2.132791131734848022e-01
2.155797034502029419e-01
2.104719877243041992e-01
2.218359708786010742e-01
2.048131674528121948e-01
2.149726450443267822e-01
2.244500368833541870e-01
2.267380207777023315e-01
2.557167112827301025e-01
2.087271660566329956e-01
2.055692672729492188e-01
2.080943882465362549e-01
2.043606042861938477e-01
2.157493382692337036e-01
2.126258611679077148e-01
2.292846292257308960e-01
2.021133005619049072e-01
2.350668609142303467e-01
2.186866551637649536e-01
2.172284573316574097e-01
2.146744281053543091e-01
2.177601903676986694e-01
2.245444059371948242e-01
2.298262119293212891e-01
2.289067804813385010e-01
2.013152092695236206e-01
2.242758721113204956e-01
2.085335254669189453e-01
2.074063569307327271e-01
2.166668027639389038e-01
2.103143781423568726e-01
2.062532454729080200e-01
2.032158374786376953e-01
2.113082855939865112e-01
2.024155408143997192e-01
2.455297559499740601e-01
2.055061906576156616e-01
2.169446498155593872e-01
2.190948575735092163e-01
2.185911983251571655e-01
2.031587213277816772e-01
2.097286283969879150e-01
2.112973183393478394e-01
2.495671063661575317e-01
2.237677127122879028e-01
2.101605236530303955e-01
2.028398960828781128e-01
2.034023106098175049e-01
2.178569883108139038e-01
2.076583951711654663e-01
2.296023368835449219e-01
2.067487090826034546e-01
2.164856642484664917e-01
2.078124135732650757e-01
2.614032626152038574e-01
2.448882907629013062e-01
2.126848250627517700e-01
2.036875933408737183e-01
2.046925872564315796e-01
2.095144242048263550e-01
2.268388122320175171e-01
2.216277867555618286e-01
2.060178369283676147e-01
2.127655744552612305e-01
2.038421183824539185e-01
2.147742360830307007e-01
2.034464180469512939e-01
2.089645415544509888e-01
2.021086513996124268e-01
2.267169505357742310e-01
2.037828415632247925e-01
2.160367965698242188e-01
2.545548081398010254e-01
2.133586406707763672e-01
2.076340913772583008e-01
2.121669799089431763e-01
2.089295238256454468e-01
2.182720750570297241e-01
2.034951448440551758e-01
2.103957235813140869e-01
2.022779434919357300e-01
2.019143849611282349e-01
2.002494633197784424e-01
2.317015677690505981e-01
2.147531509399414062e-01
2.113877534866333008e-01
2.178958952426910400e-01
2.000071108341217041e-01
2.070631533861160278e-01
2.117327898740768433e-01
1.977373510599136353e-01
2.143841534852981567e-01
1.986709982156753540e-01
2.093186378479003906e-01
2.058569043874740601e-01
2.017019838094711304e-01
2.143741697072982788e-01
2.056533545255661011e-01
2.113788127899169922e-01
2.099937200546264648e-01
2.091519385576248169e-01
2.047847807407379150e-01
2.052507251501083374e-01
1.967786401510238647e-01
2.028458118438720703e-01
2.196772098541259766e-01
2.047991007566452026e-01
2.072711437940597534e-01
2.181986570358276367e-01
1.976832896471023560e-01
2.192973345518112183e-01
2.162529975175857544e-01
2.075529098510742188e-01
2.220037281513214111e-01
2.112697362899780273e-01
2.044609338045120239e-01
2.077279537916183472e-01
2.060074806213378906e-01
1.955359727144241333e-01
2.017810344696044922e-01
2.014265805482864380e-01
2.134575843811035156e-01
2.124557048082351685e-01
2.081730812788009644e-01
2.160214930772781372e-01
2.116927206516265869e-01
2.008453607559204102e-01
2.005606144666671753e-01
2.091224640607833862e-01
2.139428108930587769e-01
2.132940590381622314e-01
2.043399065732955933e-01
2.407158911228179932e-01
2.018672078847885132e-01
2.384809106588363647e-01
2.076599895954132080e-01
2.126271277666091919e-01
2.161908596754074097e-01
2.082393020391464233e-01
2.019162625074386597e-01
2.050140202045440674e-01
2.049660682678222656e-01
2.092954963445663452e-01
2.099395245313644409e-01
2.071938812732696533e-01
2.139756977558135986e-01
2.048829346895217896e-01
2.081830054521560669e-01
2.028882354497909546e-01
2.484402209520339966e-01
2.085667848587036133e-01
2.094479799270629883e-01
2.180488556623458862e-01
2.020482569932937622e-01
2.061097919940948486e-01
2.000794410705566406e-01
1.907674074172973633e-01
2.262312620878219604e-01
2.088469266891479492e-01
2.169091254472732544e-01
2.033534049987792969e-01
2.096588164567947388e-01
2.224810570478439331e-01
2.110775560140609741e-01
2.091944515705108643e-01
2.053105384111404419e-01
2.097579091787338257e-01
2.024985849857330322e-01
1.982028782367706299e-01
2.175186127424240112e-01
2.144520729780197144e-01
2.063292115926742554e-01
2.188928425312042236e-01
2.189529389142990112e-01
1.986617892980575562e-01
2.250440418720245361e-01
2.094937860965728760e-01
2.589642703533172607e-01
2.097471207380294800e-01
2.011634409427642822e-01
2.236298173666000366e-01
2.306402027606964111e-01
2.105019539594650269e-01
2.206047624349594116e-01
2.350097745656967163e-01
2.062816619873046875e-01
2.034794837236404419e-01
2.152108252048492432e-01
1.984725147485733032e-01
2.080256938934326172e-01
1.984797120094299316e-01
2.014258950948715210e-01
2.125772684812545776e-01
2.086114734411239624e-01
1.933431476354598999e-01
1.993242353200912476e-01
2.228673994541168213e-01
2.060023397207260132e-01
2.078363001346588135e-01
2.126378268003463745e-01
2.080302983522415161e-01
2.127799540758132935e-01
2.190678864717483521e-01
2.097908705472946167e-01
2.023725956678390503e-01
2.080232352018356323e-01
2.009701281785964966e-01
2.086465805768966675e-01
2.180819958448410034e-01
1.944905966520309448e-01
1.968777477741241455e-01
2.032416909933090210e-01
2.582875788211822510e-01
2.679723203182220459e-01
2.221344262361526489e-01
1.961894184350967407e-01
2.229063361883163452e-01
2.122481912374496460e-01
2.092229425907135010e-01
2.136595249176025391e-01
2.146252244710922241e-01
2.246144264936447144e-01
2.164032012224197388e-01
2.014442533254623413e-01
2.111106365919113159e-01
2.137632369995117188e-01
2.084968090057373047e-01
2.309962511062622070e-01
2.202059477567672729e-01
2.010436505079269409e-01
2.101439088582992554e-01
1.974158436059951782e-01
2.543894350528717041e-01
2.130953818559646606e-01
2.267301380634307861e-01
2.147186249494552612e-01
1.994367539882659912e-01
2.199061959981918335e-01
1.994218826293945312e-01
2.025256603956222534e-01
1.982684731483459473e-01
2.015096694231033325e-01
2.130463421344757080e-01
2.220554649829864502e-01
2.062455713748931885e-01
1.963557749986648560e-01
1.977021694183349609e-01
2.037494182586669922e-01
2.024773657321929932e-01
2.053132802248001099e-01
2.088039964437484741e-01
2.086737900972366333e-01
2.109779417514801025e-01
1.968179196119308472e-01
2.036970853805541992e-01
2.167302668094635010e-01
2.060060352087020874e-01
2.117781639099121094e-01
1.912719309329986572e-01
2.331620454788208008e-01
2.013323754072189331e-01
2.010827362537384033e-01
2.038882970809936523e-01
2.402862161397933960e-01
2.296088188886642456e-01
2.090581953525543213e-01
2.114129066467285156e-01
1.982789039611816406e-01
2.000235319137573242e-01
2.117293924093246460e-01
2.095665186643600464e-01
2.112595289945602417e-01
2.058554738759994507e-01
2.081252634525299072e-01
1.971080750226974487e-01
1.996726244688034058e-01
2.048680782318115234e-01
1.944774240255355835e-01
2.165333330631256104e-01
1.950906366109848022e-01
2.034822702407836914e-01
2.066722959280014038e-01
2.138504087924957275e-01
1.932762116193771362e-01
1.993698030710220337e-01
2.373559325933456421e-01
1.914797872304916382e-01
2.142089903354644775e-01
2.017554342746734619e-01
2.123883515596389771e-01
2.137767374515533447e-01
2.524400949478149414e-01
2.007862627506256104e-01
1.993717402219772339e-01
1.970173418521881104e-01
1.995131075382232666e-01
2.095670998096466064e-01
2.138610631227493286e-01
1.966449171304702759e-01
1.990163624286651611e-01
1.993116587400436401e-01
2.007638961076736450e-01
2.090130597352981567e-01
2.672071158885955811e-01
2.107291668653488159e-01
2.247470170259475708e-01
1.965915709733963013e-01
2.014978975057601929e-01
2.084235996007919312e-01
2.110783159732818604e-01
2.131756395101547241e-01
2.033613175153732300e-01
2.091742306947708130e-01
2.100478261709213257e-01
1.946895420551300049e-01
1.932306736707687378e-01
2.016558945178985596e-01
2.217845469713211060e-01
2.017502337694168091e-01
2.229007035493850708e-01
2.226422876119613647e-01
1.979072690010070801e-01
1.981351375579833984e-01
1.960107088088989258e-01
2.527886331081390381e-01
2.045439481735229492e-01
1.927162855863571167e-01
2.051980942487716675e-01
2.069151699542999268e-01
2.232447713613510132e-01
2.091965526342391968e-01
2.147670090198516846e-01
2.391229122877120972e-01
1.949721127748489380e-01
2.089830189943313599e-01
1.965025365352630615e-01
1.981222480535507202e-01
2.079058438539505005e-01
2.012907564640045166e-01
1.940581649541854858e-01
1.972921192646026611e-01
1.940784305334091187e-01
1.981947571039199829e-01
1.982284188270568848e-01
2.149277478456497192e-01
1.997315436601638794e-01
2.071108072996139526e-01
2.008319646120071411e-01
1.969002336263656616e-01
2.251107692718505859e-01
2.038948088884353638e-01
2.005023062229156494e-01
2.050205767154693604e-01
2.217962294816970825e-01
2.001119405031204224e-01
1.979160010814666748e-01
2.076073884963989258e-01
2.191821336746215820e-01
2.016340345144271851e-01
1.938581317663192749e-01
2.057959139347076416e-01
2.006144076585769653e-01
2.012389153242111206e-01
2.026769667863845825e-01
1.906241774559020996e-01
2.182294577360153198e-01
2.122178524732589722e-01
2.006864100694656372e-01
2.071516960859298706e-01
2.104755938053131104e-01
1.990084648132324219e-01
2.069730013608932495e-01
1.920870989561080933e-01
2.031830400228500366e-01
1.877601295709609985e-01
2.059800624847412109e-01
1.998816281557083130e-01
1.961742490530014038e-01
2.061357796192169189e-01
1.953900456428527832e-01
1.906079351902008057e-01
2.032408267259597778e-01
2.000005692243576050e-01
2.262885123491287231e-01
2.044661045074462891e-01
2.006576359272003174e-01
2.090727090835571289e-01
2.117493152618408203e-01
2.092837840318679810e-01
2.024257928133010864e-01
2.047986984252929688e-01
2.196414470672607422e-01
1.962008029222488403e-01
2.042609453201293945e-01
1.957091093063354492e-01
1.947905123233795166e-01
1.976191103458404541e-01
2.269162237644195557e-01
1.957197189331054688e-01
2.136597633361816406e-01
1.986944079399108887e-01
1.908848881721496582e-01
1.906043589115142822e-01
2.431224882602691650e-01
2.253202199935913086e-01
2.061249762773513794e-01
2.264592647552490234e-01
2.072115689516067505e-01
1.970281451940536499e-01
2.297054380178451538e-01
1.963034719228744507e-01
2.182650864124298096e-01
2.005053311586380005e-01
2.074817866086959839e-01
2.020079344511032104e-01
2.066280692815780640e-01
2.016305029392242432e-01
2.034415751695632935e-01
2.111922800540924072e-01
2.010863125324249268e-01
2.074427604675292969e-01
2.359167784452438354e-01
1.965082138776779175e-01
2.055342197418212891e-01
1.947152018547058105e-01
1.957773417234420776e-01
1.921237409114837646e-01
2.143180370330810547e-01
2.034349888563156128e-01
1.956282705068588257e-01
1.977541744709014893e-01
1.896684616804122925e-01
2.017504274845123291e-01
2.045496255159378052e-01
2.021095752716064453e-01
2.104385942220687866e-01
1.977518796920776367e-01
1.967352330684661865e-01
1.907737553119659424e-01
2.115337699651718140e-01
1.984008401632308960e-01
2.038882821798324585e-01
2.010744661092758179e-01
1.959059536457061768e-01
2.047909051179885864e-01
1.921530216932296753e-01
1.984126120805740356e-01
1.901701688766479492e-01
1.938791424036026001e-01
2.539975345134735107e-01
2.128733247518539429e-01
1.951258182525634766e-01
2.141200155019760132e-01
2.046783268451690674e-01
1.941955387592315674e-01
1.987618654966354370e-01
1.961028873920440674e-01
1.946811974048614502e-01
1.969356983900070190e-01
2.046699076890945435e-01
2.239629328250885010e-01
2.203294336795806885e-01
1.900161653757095337e-01
2.001378089189529419e-01
2.059706449508666992e-01
2.227493822574615479e-01
1.934539377689361572e-01
2.152423858642578125e-01
2.049885541200637817e-01
2.115314006805419922e-01
1.994416564702987671e-01
2.042072117328643799e-01
2.028394490480422974e-01
2.093685418367385864e-01
2.024110853672027588e-01
2.252335548400878906e-01
1.956220716238021851e-01
1.908263415098190308e-01
1.937185078859329224e-01
1.985491365194320679e-01
2.004752159118652344e-01
2.160723656415939331e-01
1.995390951633453369e-01
1.946227997541427612e-01
2.099815905094146729e-01
1.977540105581283569e-01
1.922796666622161865e-01
1.897889226675033569e-01
1.986185014247894287e-01
2.017395496368408203e-01
2.265398353338241577e-01
1.971381902694702148e-01
2.129289209842681885e-01
2.046095877885818481e-01
2.296803444623947144e-01
2.215352058410644531e-01
2.081967592239379883e-01
2.229785621166229248e-01
1.993704587221145630e-01
1.985038369894027710e-01
2.046213150024414062e-01
2.084230482578277588e-01
2.093894928693771362e-01
2.115250676870346069e-01
2.021651268005371094e-01
2.089575529098510742e-01
1.958656907081604004e-01
2.006967067718505859e-01
2.047051489353179932e-01
1.897380053997039795e-01
1.907556056976318359e-01
2.337859123945236206e-01
2.330921143293380737e-01
1.998099833726882935e-01
1.920205801725387573e-01
1.924850940704345703e-01
1.999607384204864502e-01
2.051618099212646484e-01
1.976320296525955200e-01
1.976220607757568359e-01
1.951607912778854370e-01
1.938178390264511108e-01
1.988621205091476440e-01
2.104996293783187866e-01
1.856779158115386963e-01
1.995807588100433350e-01
1.958538591861724854e-01
1.961919069290161133e-01
2.007406800985336304e-01
1.961585134267807007e-01
2.054065018892288208e-01
2.280545681715011597e-01
2.014203518629074097e-01
2.077362835407257080e-01
2.076371163129806519e-01
2.012062370777130127e-01
1.951001733541488647e-01
1.914565414190292358e-01
1.965588778257369995e-01
2.021776884794235229e-01
1.963158100843429565e-01
2.005317658185958862e-01
1.994393318891525269e-01
1.887999773025512695e-01
2.065168172121047974e-01
2.168887853622436523e-01
1.864782869815826416e-01
1.937121897935867310e-01
2.032629549503326416e-01
2.513591945171356201e-01
2.207817584276199341e-01
2.069806605577468872e-01
2.095520496368408203e-01
2.075121402740478516e-01
1.898723095655441284e-01
1.910067200660705566e-01
2.156196385622024536e-01
2.170110195875167847e-01
2.103820890188217163e-01
1.989813894033432007e-01
2.049501389265060425e-01
1.972520798444747925e-01
1.926814168691635132e-01
1.960173100233078003e-01
1.946407109498977661e-01
1.879559606313705444e-01
2.059924453496932983e-01
2.399210035800933838e-01
2.017058432102203369e-01
2.031834125518798828e-01
1.942386031150817871e-01
2.104125469923019409e-01
1.922222673892974854e-01
1.888019591569900513e-01
2.002259939908981323e-01
1.962442845106124878e-01
1.953249424695968628e-01
2.037464827299118042e-01
1.955787241458892822e-01
2.031963616609573364e-01
2.006221115589141846e-01
2.008475810289382935e-01
2.003675699234008789e-01
1.948758512735366821e-01
2.039579451084136963e-01
2.027058452367782593e-01
1.902111023664474487e-01
2.069400846958160400e-01
1.986902505159378052e-01
1.950961649417877197e-01
1.918612271547317505e-01
1.896824389696121216e-01
1.939448267221450806e-01
2.138850986957550049e-01
1.930894106626510620e-01
1.991763561964035034e-01
1.979130953550338745e-01
1.993653327226638794e-01
1.969871819019317627e-01
1.910291910171508789e-01
1.972344666719436646e-01
1.858859509229660034e-01
2.148372679948806763e-01
2.121216803789138794e-01
1.952355951070785522e-01
2.226263582706451416e-01
1.858137696981430054e-01
2.396475076675415039e-01
2.086043804883956909e-01
2.523544728755950928e-01
2.042668312788009644e-01
1.911011934280395508e-01
2.001969814300537109e-01
2.212560623884201050e-01
2.063542902469635010e-01
2.127661257982254028e-01
1.966523230075836182e-01
1.930976957082748413e-01
1.911791563034057617e-01
1.971866637468338013e-01
2.000785171985626221e-01
1.958564817905426025e-01
1.969522684812545776e-01
1.947481781244277954e-01
2.033619880676269531e-01
2.123164683580398560e-01
2.145350426435470581e-01
2.038062363862991333e-01
1.963784992694854736e-01
2.021105289459228516e-01
1.940627694129943848e-01
2.024959176778793335e-01
2.094633579254150391e-01
2.137409746646881104e-01
1.897572726011276245e-01
1.926878094673156738e-01
2.131574898958206177e-01
1.959783583879470825e-01
1.882788389921188354e-01
2.049689590930938721e-01
1.916646957397460938e-01
1.979469209909439087e-01
2.101632207632064819e-01
1.958305090665817261e-01
1.932345628738403320e-01
1.905033439397811890e-01
1.890985518693923950e-01
1.879819780588150024e-01
1.913384646177291870e-01
2.037146091461181641e-01
2.321809977293014526e-01
2.144058793783187866e-01
2.133690118789672852e-01
1.859959363937377930e-01
1.959439516067504883e-01
1.919095069169998169e-01
1.936865150928497314e-01
1.950674355030059814e-01
