1.339560747146606445e+00
1.233277320861816406e+00
1.288368463516235352e+00
1.182293295860290527e+00
1.137243509292602539e+00
1.169737458229064941e+00
9.946422576904296875e-01
1.071596741676330566e+00
1.025439023971557617e+00
1.108109474182128906e+00
1.065336108207702637e+00
1.041305184364318848e+00
1.061499953269958496e+00
1.073666334152221680e+00
1.109922647476196289e+00
1.041209816932678223e+00
9.618374705314636230e-01
1.134818077087402344e+00
1.137210845947265625e+00
9.366076588630676270e-01
1.019742250442504883e+00
1.013150572776794434e+00
1.043215990066528320e+00
9.638059735298156738e-01
9.285098910331726074e-01
1.030431032180786133e+00
9.215866923332214355e-01
1.074483513832092285e+00
9.060369729995727539e-01
9.273337721824645996e-01
9.758026003837585449e-01
9.844884276390075684e-01
8.836355209350585938e-01
8.972707986831665039e-01
9.145623445510864258e-01
8.949659466743469238e-01
9.091165661811828613e-01
1.006320834159851074e+00
8.944522738456726074e-01
9.260553717613220215e-01
8.567792773246765137e-01
9.788460135459899902e-01
8.144082427024841309e-01
8.857275247573852539e-01
7.727882266044616699e-01
9.366795420646667480e-01
8.512119650840759277e-01
8.275523185729980469e-01
8.482412695884704590e-01
7.865627408027648926e-01
8.336624503135681152e-01
7.983494400978088379e-01
8.113989233970642090e-01
8.016530871391296387e-01
8.408548235893249512e-01
8.595777750015258789e-01
7.662214636802673340e-01
9.217676520347595215e-01
8.287790417671203613e-01
8.726695179939270020e-01
8.717977404594421387e-01
8.256031274795532227e-01
8.379461169242858887e-01
9.224967360496520996e-01
8.934007883071899414e-01
7.988447546958923340e-01
8.013200759887695312e-01
8.375025987625122070e-01
8.925020098686218262e-01
8.740341067314147949e-01
7.472891807556152344e-01
8.312720656394958496e-01
8.409734964370727539e-01
7.628371119499206543e-01
8.128537535667419434e-01
8.579080700874328613e-01
7.424737215042114258e-01
7.979336380958557129e-01
7.520491480827331543e-01
8.018626570701599121e-01
7.855214476585388184e-01
8.322368860244750977e-01
7.926306724548339844e-01
7.434122562408447266e-01
7.561194300651550293e-01
7.784843444824218750e-01
7.470182180404663086e-01
8.529850840568542480e-01
7.593529224395751953e-01
7.429414391517639160e-01
7.714573144912719727e-01
7.820490598678588867e-01
8.239273428916931152e-01
8.506156206130981445e-01
7.058746814727783203e-01
7.467769980430603027e-01
7.939361929893493652e-01
7.850401401519775391e-01
8.033617138862609863e-01
7.161237001419067383e-01
7.262493968009948730e-01
8.092136383056640625e-01
7.423432469367980957e-01
7.783748507499694824e-01
7.942064404487609863e-01
7.529558539390563965e-01
7.861886024475097656e-01
8.215885162353515625e-01
6.988343596458435059e-01
7.242524027824401855e-01
7.425689101219177246e-01
8.052579760551452637e-01
6.873213052749633789e-01
7.794560790061950684e-01
7.293212413787841797e-01
7.432512640953063965e-01
7.156054377555847168e-01
7.042762637138366699e-01
6.653530001640319824e-01
6.914361119270324707e-01
7.312902212142944336e-01
7.282683849334716797e-01
6.778966784477233887e-01
6.685139536857604980e-01
6.981298327445983887e-01
8.376083374023437500e-01
7.043454051017761230e-01
7.035852670669555664e-01
7.978671193122863770e-01
7.363690733909606934e-01
6.914171576499938965e-01
7.415503859519958496e-01
7.425314784049987793e-01
7.612603902816772461e-01
7.665752768516540527e-01
7.015098929405212402e-01
6.800703406333923340e-01
7.414121031761169434e-01
6.988992094993591309e-01
7.030238509178161621e-01
7.325370907783508301e-01
6.649360656738281250e-01
7.642167806625366211e-01
7.817551493644714355e-01
7.035096287727355957e-01
7.053688764572143555e-01
7.795456647872924805e-01
7.352613806724548340e-01
6.981221437454223633e-01
7.401255965232849121e-01
6.577486395835876465e-01
6.832323074340820312e-01
7.517533302307128906e-01
6.603860259056091309e-01
7.430711984634399414e-01
7.009048461914062500e-01
8.118196725845336914e-01
7.022643089294433594e-01
6.831346750259399414e-01
6.790076494216918945e-01
7.011867165565490723e-01
7.094335556030273438e-01
7.358029484748840332e-01
6.906520128250122070e-01
7.508861422538757324e-01
7.284042239189147949e-01
6.142186522483825684e-01
6.649498343467712402e-01
6.841356754302978516e-01
7.254981398582458496e-01
6.969425082206726074e-01
6.544892191886901855e-01
6.982768177986145020e-01
6.877588629722595215e-01
6.703035831451416016e-01
6.562085151672363281e-01
6.706789731979370117e-01
6.540681123733520508e-01
6.794308423995971680e-01
6.803771853446960449e-01
8.140477538108825684e-01
6.590315699577331543e-01
7.408849596977233887e-01
6.697512269020080566e-01
7.005554437637329102e-01
7.121005654335021973e-01
7.463898062705993652e-01
7.084149718284606934e-01
6.631842851638793945e-01
6.797885894775390625e-01
6.809601783752441406e-01
7.945029139518737793e-01
6.797054409980773926e-01
6.618060469627380371e-01
7.185352444648742676e-01
6.957526206970214844e-01
7.101551294326782227e-01
7.133674621582031250e-01
6.517818570137023926e-01
7.080895304679870605e-01
6.594718098640441895e-01
7.518489956855773926e-01
6.748031377792358398e-01
6.848183870315551758e-01
6.530385017395019531e-01
6.575743556022644043e-01
7.014555335044860840e-01
7.032824158668518066e-01
6.551733016967773438e-01
6.784118413925170898e-01
6.851888895034790039e-01
6.818367242813110352e-01
6.730349659919738770e-01
6.400882005691528320e-01
6.845356822013854980e-01
6.608154773712158203e-01
6.522105932235717773e-01
6.955077052116394043e-01
6.331716775894165039e-01
6.446825861930847168e-01
7.066496014595031738e-01
6.451717615127563477e-01
7.053960561752319336e-01
6.219705939292907715e-01
6.862443685531616211e-01
6.376524567604064941e-01
7.546647787094116211e-01
7.178533077239990234e-01
6.793388724327087402e-01
6.880615353584289551e-01
6.708748340606689453e-01
6.601738333702087402e-01
6.992070078849792480e-01
6.312193870544433594e-01
6.564828753471374512e-01
7.542492151260375977e-01
6.653330922126770020e-01
6.973513960838317871e-01
6.369715929031372070e-01
6.636799573898315430e-01
6.942140460014343262e-01
6.657111048698425293e-01
6.526209115982055664e-01
6.108658313751220703e-01
6.434866189956665039e-01
6.490449905395507812e-01
6.991245746612548828e-01
7.283775210380554199e-01
6.785913705825805664e-01
6.562857627868652344e-01
6.926449537277221680e-01
6.195947527885437012e-01
6.080571413040161133e-01
6.283816695213317871e-01
6.565757989883422852e-01
6.796368956565856934e-01
6.781544089317321777e-01
6.768571138381958008e-01
7.323334217071533203e-01
6.378701329231262207e-01
7.079979777336120605e-01
6.851438879966735840e-01
7.048938274383544922e-01
6.212123036384582520e-01
6.450039744377136230e-01
6.762945055961608887e-01
6.096695065498352051e-01
6.737009286880493164e-01
6.648108959197998047e-01
5.872145891189575195e-01
7.037935256958007812e-01
7.291418313980102539e-01
6.689082384109497070e-01
6.038204431533813477e-01
6.574906110763549805e-01
6.966522336006164551e-01
6.407722234725952148e-01
6.378604769706726074e-01
6.782216429710388184e-01
7.312788963317871094e-01
6.572375893592834473e-01
6.518614888191223145e-01
6.394107341766357422e-01
5.979040265083312988e-01
7.049652934074401855e-01
6.593644022941589355e-01
6.458521485328674316e-01
6.988071203231811523e-01
6.243905425071716309e-01
7.044621109962463379e-01
6.158140301704406738e-01
6.269588470458984375e-01
6.938120722770690918e-01
6.423502564430236816e-01
6.539703607559204102e-01
6.407709717750549316e-01
6.627694368362426758e-01
6.788219809532165527e-01
6.250856518745422363e-01
6.536009907722473145e-01
6.563680768013000488e-01
6.484753489494323730e-01
6.215742230415344238e-01
6.687909364700317383e-01
6.319169998168945312e-01
6.459926962852478027e-01
6.031406521797180176e-01
6.908537745475769043e-01
6.751552224159240723e-01
7.111572623252868652e-01
6.260143518447875977e-01
6.655595898628234863e-01
6.233057379722595215e-01
6.937679648399353027e-01
6.215281486511230469e-01
7.167279124259948730e-01
6.154090762138366699e-01
6.238445043563842773e-01
6.469286084175109863e-01
5.869166254997253418e-01
6.522632837295532227e-01
6.517032980918884277e-01
7.112380862236022949e-01
6.593300700187683105e-01
6.460636854171752930e-01
6.370927691459655762e-01
6.840181946754455566e-01
6.918452978134155273e-01
6.361815333366394043e-01
5.823521614074707031e-01
6.227309107780456543e-01
6.354895830154418945e-01
6.645377278327941895e-01
6.335655450820922852e-01
7.118898630142211914e-01
6.252673268318176270e-01
6.583384871482849121e-01
6.405041217803955078e-01
5.966957211494445801e-01
5.970677733421325684e-01
6.571758389472961426e-01
6.244122385978698730e-01
6.267655491828918457e-01
6.167408823966979980e-01
6.211204528808593750e-01
6.230291724205017090e-01
6.016582846641540527e-01
6.610402464866638184e-01
6.377760171890258789e-01
6.980203986167907715e-01
5.855226516723632812e-01
6.430484056472778320e-01
6.635050177574157715e-01
5.924070477485656738e-01
6.364465951919555664e-01
6.675071120262145996e-01
6.936082243919372559e-01
7.155280113220214844e-01
7.019088864326477051e-01
7.104733586311340332e-01
6.120144128799438477e-01
6.220189332962036133e-01
5.628492832183837891e-01
6.228820085525512695e-01
6.141850352287292480e-01
6.413071751594543457e-01
6.058121919631958008e-01
6.468036174774169922e-01
6.397604942321777344e-01
6.897304654121398926e-01
6.228344440460205078e-01
6.335657238960266113e-01
6.814103126525878906e-01
6.522803306579589844e-01
6.417499780654907227e-01
6.353160738945007324e-01
7.146390080451965332e-01
6.116955876350402832e-01
6.441755294799804688e-01
6.554033160209655762e-01
6.166952252388000488e-01
6.013521552085876465e-01
7.452378273010253906e-01
6.413937807083129883e-01
6.360675692558288574e-01
5.974054336547851562e-01
6.499767303466796875e-01
6.440951228141784668e-01
6.610409617424011230e-01
6.216672062873840332e-01
6.163835525512695312e-01
6.501107811927795410e-01
6.266964673995971680e-01
6.260510087013244629e-01
6.257147789001464844e-01
6.098405718803405762e-01
7.827033400535583496e-01
6.382886171340942383e-01
5.982586741447448730e-01
6.462478637695312500e-01
6.703276634216308594e-01
6.283357143402099609e-01
6.296747326850891113e-01
6.063315272331237793e-01
5.867408514022827148e-01
6.454044580459594727e-01
6.195377707481384277e-01
6.133623123168945312e-01
6.628878712654113770e-01
6.193183660507202148e-01
6.581780910491943359e-01
6.390609145164489746e-01
6.710265874862670898e-01
6.644567847251892090e-01
6.355690360069274902e-01
6.121878623962402344e-01
6.613557338714599609e-01
6.290071010589599609e-01
6.641760468482971191e-01
5.871246457099914551e-01
5.988682508468627930e-01
6.059730648994445801e-01
6.428995132446289062e-01
6.906132698059082031e-01
6.956952214241027832e-01
5.853787660598754883e-01
6.213610768318176270e-01
5.932894945144653320e-01
5.639232993125915527e-01
6.130709648132324219e-01
6.050301194190979004e-01
5.802524685859680176e-01
6.314770579338073730e-01
6.071023941040039062e-01
6.274523735046386719e-01
6.269847750663757324e-01
6.409811377525329590e-01
5.946345329284667969e-01
5.854853987693786621e-01
6.567566990852355957e-01
7.867977023124694824e-01
6.495366096496582031e-01
6.493896842002868652e-01
5.978364348411560059e-01
5.605731010437011719e-01
6.306584477424621582e-01
6.819974184036254883e-01
5.758848786354064941e-01
6.123720407485961914e-01
5.805177688598632812e-01
6.441665291786193848e-01
6.107005476951599121e-01
5.764383673667907715e-01
6.734651923179626465e-01
6.339337229728698730e-01
6.259394884109497070e-01
5.931833386421203613e-01
6.774424910545349121e-01
5.797643065452575684e-01
6.329889893531799316e-01
5.995159745216369629e-01
5.922730565071105957e-01
5.829913020133972168e-01
6.383915543556213379e-01
5.964301228523254395e-01
6.349942088127136230e-01
7.164768576622009277e-01
6.507235169410705566e-01
6.100590825080871582e-01
5.737354755401611328e-01
6.026295423507690430e-01
6.170694231986999512e-01
6.152493953704833984e-01
6.389932036399841309e-01
5.942979454994201660e-01
5.982903242111206055e-01
6.682766079902648926e-01
6.093048453330993652e-01
6.035376787185668945e-01
6.824530363082885742e-01
