8.592791557312011719e-01
8.866850137710571289e-01
8.459300994873046875e-01
8.012208938598632812e-01
7.704091668128967285e-01
7.382436990737915039e-01
7.525613307952880859e-01
7.545205950736999512e-01
6.904166936874389648e-01
7.118244171142578125e-01
6.715919375419616699e-01
6.812626123428344727e-01
6.653403639793395996e-01
6.405509114265441895e-01
7.024042606353759766e-01
6.660888791084289551e-01
6.660169363021850586e-01
6.524085402488708496e-01
6.400328278541564941e-01
6.220598220825195312e-01
6.209838986396789551e-01
6.266525387763977051e-01
6.164318919181823730e-01
6.117610335350036621e-01
6.252239346504211426e-01
5.964370369911193848e-01
6.062313318252563477e-01
6.093697547912597656e-01
5.922550559043884277e-01
5.899159908294677734e-01
5.952916145324707031e-01
5.897485017776489258e-01
5.846823453903198242e-01
6.010836958885192871e-01
5.647913813591003418e-01
5.668225288391113281e-01
5.534898638725280762e-01
5.770692229270935059e-01
5.570270419120788574e-01
5.802139043807983398e-01
5.666036009788513184e-01
5.478951334953308105e-01
5.644822120666503906e-01
5.558499693870544434e-01
5.391870141029357910e-01
5.395751595497131348e-01
5.339859127998352051e-01
5.332900881767272949e-01
5.600275993347167969e-01
5.574898123741149902e-01
5.222293734550476074e-01
5.661796927452087402e-01
5.365752577781677246e-01
5.491324663162231445e-01
5.361446738243103027e-01
5.444508790969848633e-01
5.256167054176330566e-01
5.426751375198364258e-01
5.175488591194152832e-01
5.283190608024597168e-01
5.160056352615356445e-01
5.183516740798950195e-01
5.125803351402282715e-01
4.969047009944915771e-01
5.002985000610351562e-01
5.247154235839843750e-01
5.138605833053588867e-01
5.036802291870117188e-01
4.883525073528289795e-01
5.458607077598571777e-01
4.995808601379394531e-01
5.107604861259460449e-01
5.073750615119934082e-01
5.024658441543579102e-01
5.004875659942626953e-01
5.035968422889709473e-01
5.028392672538757324e-01
5.052453875541687012e-01
4.959928691387176514e-01
4.785495400428771973e-01
4.896158277988433838e-01
5.249805450439453125e-01
4.922738075256347656e-01
4.946780800819396973e-01
4.947678744792938232e-01
4.874229431152343750e-01
4.713593423366546631e-01
4.724629819393157959e-01
4.874646663665771484e-01
4.859824776649475098e-01
4.756702482700347900e-01
5.416572093963623047e-01
4.629727303981781006e-01
4.712234437465667725e-01
4.687034189701080322e-01
4.608604013919830322e-01
4.806619286537170410e-01
4.658504128456115723e-01
4.739041328430175781e-01
4.780142009258270264e-01
4.847331047058105469e-01
4.555518329143524170e-01
4.726473391056060791e-01
4.464773833751678467e-01
4.799346029758453369e-01
4.891134202480316162e-01
5.153967738151550293e-01
4.785323143005371094e-01
4.618536531925201416e-01
4.398460388183593750e-01
4.775868058204650879e-01
4.441519677639007568e-01
4.943092465400695801e-01
4.361356198787689209e-01
4.753160476684570312e-01
4.582348763942718506e-01
4.295821785926818848e-01
4.421442151069641113e-01
4.298785626888275146e-01
5.038000345230102539e-01
4.374003410339355469e-01
4.471414089202880859e-01
4.664098322391510010e-01
4.326986372470855713e-01
4.314669072628021240e-01
4.417943954467773438e-01
4.264161288738250732e-01
4.637589454650878906e-01
4.214137196540832520e-01
4.447339177131652832e-01
4.523745179176330566e-01
4.890895783901214600e-01
4.324411451816558838e-01
4.450943171977996826e-01
4.351406097412109375e-01
4.839985072612762451e-01
4.378425180912017822e-01
4.449025094509124756e-01
4.426968693733215332e-01
4.536909759044647217e-01
4.477614462375640869e-01
4.278341233730316162e-01
4.529378116130828857e-01
4.199316203594207764e-01
4.300191104412078857e-01
4.345335960388183594e-01
4.304169714450836182e-01
4.376291930675506592e-01
4.088920056819915771e-01
4.529405236244201660e-01
4.135205447673797607e-01
4.500990808010101318e-01
4.415360391139984131e-01
4.317704737186431885e-01
4.346938729286193848e-01
4.301578700542449951e-01
4.275825619697570801e-01
4.224949777126312256e-01
4.501189291477203369e-01
4.121952056884765625e-01
4.191447794437408447e-01
4.369474947452545166e-01
4.330092072486877441e-01
4.379853904247283936e-01
4.433408677577972412e-01
4.169545173645019531e-01
3.985482752323150635e-01
4.147285521030426025e-01
4.241590201854705811e-01
4.189214408397674561e-01
4.083267152309417725e-01
4.144686758518218994e-01
4.256639480590820312e-01
4.005112648010253906e-01
4.400406777858734131e-01
4.092454016208648682e-01
4.122781753540039062e-01
3.903205990791320801e-01
3.885839879512786865e-01
4.016678333282470703e-01
4.188424646854400635e-01
4.202812314033508301e-01
4.332566261291503906e-01
4.156164824962615967e-01
4.012013077735900879e-01
4.013755917549133301e-01
3.884802758693695068e-01
3.992419242858886719e-01
4.222784638404846191e-01
4.021691977977752686e-01
4.147522151470184326e-01
4.188585281372070312e-01
3.998263776302337646e-01
4.354384541511535645e-01
3.947288691997528076e-01
3.909845054149627686e-01
4.380203187465667725e-01
3.846895396709442139e-01
3.820903003215789795e-01
3.828662633895874023e-01
4.095494747161865234e-01
3.875749111175537109e-01
4.003151357173919678e-01
3.922171294689178467e-01
3.758595287799835205e-01
3.988167941570281982e-01
4.016547799110412598e-01
3.736233413219451904e-01
4.060010612010955811e-01
4.462337493896484375e-01
4.195008277893066406e-01
4.080732762813568115e-01
3.793490231037139893e-01
4.323749244213104248e-01
3.840319812297821045e-01
3.861981928348541260e-01
3.797741830348968506e-01
4.370709359645843506e-01
4.095747172832489014e-01
3.885726928710937500e-01
3.770733773708343506e-01
3.893599808216094971e-01
4.044227302074432373e-01
4.654697477817535400e-01
3.876117169857025146e-01
3.927469849586486816e-01
3.763548135757446289e-01
3.952943980693817139e-01
4.060297906398773193e-01
3.964372873306274414e-01
3.859855830669403076e-01
3.807526826858520508e-01
3.913005292415618896e-01
3.924120962619781494e-01
3.809531629085540771e-01
3.890034258365631104e-01
3.708356618881225586e-01
3.982396721839904785e-01
3.711332678794860840e-01
3.758846521377563477e-01
3.886845707893371582e-01
3.643139004707336426e-01
4.103229641914367676e-01
3.693444132804870605e-01
3.891096413135528564e-01
3.933777809143066406e-01
4.215274453163146973e-01
3.859294652938842773e-01
3.696616590023040771e-01
3.667862415313720703e-01
3.945868015289306641e-01
4.297289848327636719e-01
3.869044780731201172e-01
3.720838427543640137e-01
3.714791834354400635e-01
3.739654719829559326e-01
3.835920095443725586e-01
3.751557469367980957e-01
3.737837970256805420e-01
3.685534596443176270e-01
3.853461444377899170e-01
4.131452739238739014e-01
3.864698410034179688e-01
3.778330981731414795e-01
3.842687010765075684e-01
3.963532149791717529e-01
3.619929850101470947e-01
3.843947052955627441e-01
3.579468429088592529e-01
3.725876510143280029e-01
3.727104365825653076e-01
3.711826503276824951e-01
4.170324802398681641e-01
3.681358993053436279e-01
3.730981647968292236e-01
3.523012101650238037e-01
3.702808320522308350e-01
3.541544675827026367e-01
3.812564015388488770e-01
3.479981124401092529e-01
3.616443276405334473e-01
3.819190859794616699e-01
3.825254738330841064e-01
3.711479902267456055e-01
3.470385372638702393e-01
4.188849627971649170e-01
3.610524535179138184e-01
3.596047461032867432e-01
3.781046569347381592e-01
3.951250612735748291e-01
3.629642128944396973e-01
3.530430793762207031e-01
3.920027613639831543e-01
3.773294985294342041e-01
3.558167517185211182e-01
3.608675301074981689e-01
3.471069335937500000e-01
3.584887981414794922e-01
3.463639318943023682e-01
3.749726414680480957e-01
3.644394874572753906e-01
3.663040399551391602e-01
3.567357957363128662e-01
3.679766952991485596e-01
3.498844206333160400e-01
3.617428243160247803e-01
3.470686674118041992e-01
3.996840119361877441e-01
3.642368614673614502e-01
3.736537694931030273e-01
3.442139029502868652e-01
3.573517501354217529e-01
3.811570703983306885e-01
3.720020949840545654e-01
3.891170620918273926e-01
3.548491597175598145e-01
3.474137187004089355e-01
3.476145863533020020e-01
3.881914317607879639e-01
3.776184618473052979e-01
3.777406215667724609e-01
3.430929780006408691e-01
3.954736888408660889e-01
3.868222236633300781e-01
3.586224913597106934e-01
3.704609572887420654e-01
3.476755321025848389e-01
3.635283410549163818e-01
3.626477420330047607e-01
3.756156861782073975e-01
3.691997528076171875e-01
3.603123128414154053e-01
3.658980131149291992e-01
3.535149097442626953e-01
3.673190474510192871e-01
3.330561816692352295e-01
3.488496243953704834e-01
3.589867651462554932e-01
3.440877199172973633e-01
3.678958117961883545e-01
3.596140742301940918e-01
3.531820476055145264e-01
4.031500816345214844e-01
3.567136824131011963e-01
3.543691039085388184e-01
3.349624872207641602e-01
3.407790958881378174e-01
3.767893016338348389e-01
3.359489440917968750e-01
3.520626127719879150e-01
3.509214818477630615e-01
3.613789081573486328e-01
3.259475827217102051e-01
3.457851111888885498e-01
3.342069685459136963e-01
3.633764684200286865e-01
3.526206910610198975e-01
3.345420360565185547e-01
3.737640380859375000e-01
3.526945710182189941e-01
3.324973285198211670e-01
3.398294150829315186e-01
3.810871541500091553e-01
3.396032452583312988e-01
3.359536230564117432e-01
3.290222585201263428e-01
3.509884476661682129e-01
3.612473011016845703e-01
3.295611739158630371e-01
3.209867179393768311e-01
3.419500291347503662e-01
3.237311840057373047e-01
3.681288361549377441e-01
3.433601260185241699e-01
3.327740728855133057e-01
3.390479981899261475e-01
3.527293205261230469e-01
3.218857944011688232e-01
3.757200241088867188e-01
3.362947404384613037e-01
3.519748449325561523e-01
3.236531913280487061e-01
3.775058686733245850e-01
3.304580450057983398e-01
3.215700685977935791e-01
3.322325348854064941e-01
3.419694006443023682e-01
3.569699823856353760e-01
3.367364108562469482e-01
3.227984011173248291e-01
3.234747350215911865e-01
3.350852131843566895e-01
3.870823085308074951e-01
3.257523775100708008e-01
3.325133919715881348e-01
3.760907053947448730e-01
3.477114737033843994e-01
3.381825983524322510e-01
3.701690137386322021e-01
3.325038552284240723e-01
3.286840021610260010e-01
3.198939561843872070e-01
3.906568884849548340e-01
3.207386434078216553e-01
3.435302674770355225e-01
3.197370171546936035e-01
3.437915444374084473e-01
3.361205160617828369e-01
3.453822433948516846e-01
3.518462181091308594e-01
3.727678358554840088e-01
3.262421786785125732e-01
3.406868577003479004e-01
3.096241652965545654e-01
3.429965972900390625e-01
3.313271701335906982e-01
3.830962777137756348e-01
3.223634362220764160e-01
3.214690387248992920e-01
3.917410969734191895e-01
3.489677011966705322e-01
3.148020803928375244e-01
3.321566283702850342e-01
3.429033756256103516e-01
3.520391881465911865e-01
3.365041315555572510e-01
3.153213858604431152e-01
3.634300827980041504e-01
3.469539582729339600e-01
3.267155587673187256e-01
3.251536488533020020e-01
3.362219035625457764e-01
3.764207959175109863e-01
3.642912805080413818e-01
3.396656215190887451e-01
3.197365701198577881e-01
3.266751468181610107e-01
3.072829842567443848e-01
3.366685509681701660e-01
3.654997348785400391e-01
3.293934762477874756e-01
3.409058749675750732e-01
3.337939083576202393e-01
3.337408006191253662e-01
3.197409808635711670e-01
3.146811425685882568e-01
3.397786319255828857e-01
2.982993423938751221e-01
3.257397115230560303e-01
3.420266211032867432e-01
3.591506183147430420e-01
3.384098410606384277e-01
3.233571946620941162e-01
3.144362270832061768e-01
3.311694562435150146e-01
3.378074467182159424e-01
3.126175999641418457e-01
3.253142833709716797e-01
3.278876245021820068e-01
3.307949006557464600e-01
3.451559245586395264e-01
3.276261985301971436e-01
3.306477069854736328e-01
3.405215442180633545e-01
3.109450638294219971e-01
3.249044120311737061e-01
3.234491646289825439e-01
3.138054311275482178e-01
3.260831832885742188e-01
3.596466481685638428e-01
3.247623443603515625e-01
3.262646198272705078e-01
3.248529136180877686e-01
3.026019632816314697e-01
3.072411417961120605e-01
3.347865045070648193e-01
3.198442459106445312e-01
3.595568835735321045e-01
3.134141862392425537e-01
3.079820871353149414e-01
3.089566826820373535e-01
3.119386136531829834e-01
3.197184503078460693e-01
3.384591042995452881e-01
3.064284026622772217e-01
3.203528821468353271e-01
2.997542321681976318e-01
3.293619155883789062e-01
3.531464040279388428e-01
3.140277564525604248e-01
3.165474832057952881e-01
3.433076143264770508e-01
3.229228854179382324e-01
3.300613760948181152e-01
3.285324275493621826e-01
2.904775738716125488e-01
3.218114078044891357e-01
3.373806476593017578e-01
3.217462599277496338e-01
3.166746199131011963e-01
3.145533800125122070e-01
2.953314781188964844e-01
3.377941548824310303e-01
3.000441789627075195e-01
3.049432337284088135e-01
3.115131855010986328e-01
3.048479557037353516e-01
3.211039006710052490e-01
3.143929839134216309e-01
3.452842235565185547e-01
2.895345389842987061e-01
3.984221518039703369e-01
3.218049705028533936e-01
3.357889354228973389e-01
3.237039744853973389e-01
3.204818665981292725e-01
3.194086253643035889e-01
3.191483914852142334e-01
3.194777965545654297e-01
3.317964076995849609e-01
3.327407538890838623e-01
3.356035053730010986e-01
3.155086636543273926e-01
3.424139916896820068e-01
3.211505115032196045e-01
3.430980443954467773e-01
3.272781372070312500e-01
2.951742410659790039e-01
2.953807413578033447e-01
3.076059520244598389e-01
3.192631900310516357e-01
3.144770264625549316e-01
3.106688559055328369e-01
2.983069419860839844e-01
3.637032508850097656e-01
3.016407191753387451e-01
3.032087385654449463e-01
3.268515765666961670e-01
3.158456087112426758e-01
3.013221919536590576e-01
2.982654273509979248e-01
2.898033261299133301e-01
3.616093099117279053e-01
3.289137780666351318e-01
3.220930695533752441e-01
3.138673305511474609e-01
3.112057149410247803e-01
3.177258074283599854e-01
3.402959704399108887e-01
3.012631833553314209e-01
3.175297379493713379e-01
2.904048860073089600e-01
2.982479631900787354e-01
3.329277932643890381e-01
3.461969196796417236e-01
2.869682312011718750e-01
3.629918992519378662e-01
3.518202006816864014e-01
3.339481651782989502e-01
3.041949868202209473e-01
3.181684613227844238e-01
3.301477134227752686e-01
3.027120828628540039e-01
2.903217971324920654e-01
3.173068165779113770e-01
3.154661059379577637e-01
3.218032419681549072e-01
3.062012195587158203e-01
3.092044293880462646e-01
3.024380505084991455e-01
2.986690998077392578e-01
3.970239162445068359e-01
3.216419219970703125e-01
3.152951896190643311e-01
2.954057753086090088e-01
2.996681332588195801e-01
3.198078870773315430e-01
3.433554172515869141e-01
3.364499509334564209e-01
3.045164048671722412e-01
2.935081422328948975e-01
3.327228724956512451e-01
3.076374232769012451e-01
2.947624623775482178e-01
3.420582413673400879e-01
3.247213065624237061e-01
2.977527678012847900e-01
3.446542918682098389e-01
3.019058406352996826e-01
3.081847131252288818e-01
2.868160307407379150e-01
2.925898134708404541e-01
2.981586158275604248e-01
2.820038497447967529e-01
2.990816533565521240e-01
3.156259357929229736e-01
2.901862561702728271e-01
2.908383309841156006e-01
2.997897565364837646e-01
2.888271510601043701e-01
3.027928769588470459e-01
3.121596276760101318e-01
3.304344713687896729e-01
3.034342527389526367e-01
3.065667450428009033e-01
2.869124412536621094e-01
3.178320825099945068e-01
2.819037437438964844e-01
2.939204871654510498e-01
3.468037545680999756e-01
2.848995625972747803e-01
3.938183784484863281e-01
2.823414802551269531e-01
2.951667010784149170e-01
2.808554172515869141e-01
3.013949394226074219e-01
3.433671891689300537e-01
2.990616858005523682e-01
2.862121164798736572e-01
2.925638854503631592e-01
3.095302283763885498e-01
2.751429677009582520e-01
3.153689503669738770e-01
2.915229499340057373e-01
3.567497134208679199e-01
2.970143258571624756e-01
3.550945818424224854e-01
3.332044482231140137e-01
2.790977060794830322e-01
3.192696571350097656e-01
2.826995849609375000e-01
2.927083671092987061e-01
3.004703819751739502e-01
2.932229638099670410e-01
3.107649981975555420e-01
2.879521548748016357e-01
2.902410924434661865e-01
2.988187968730926514e-01
2.830316722393035889e-01
3.446104228496551514e-01
2.910708189010620117e-01
2.746324539184570312e-01
2.888530492782592773e-01
2.961171269416809082e-01
2.975347936153411865e-01
3.157401978969573975e-01
2.884499728679656982e-01
2.816799879074096680e-01
2.980194985866546631e-01
2.973410189151763916e-01
2.791528403759002686e-01
2.899576127529144287e-01
3.108303248882293701e-01
3.281874954700469971e-01
3.178765773773193359e-01
3.238870203495025635e-01
2.948181331157684326e-01
2.726198136806488037e-01
2.968555986881256104e-01
2.749133110046386719e-01
3.018793463706970215e-01
3.135312795639038086e-01
3.335096836090087891e-01
2.802075445652008057e-01
2.834718823432922363e-01
3.404042720794677734e-01
3.619449138641357422e-01
2.912389934062957764e-01
2.851712703704833984e-01
2.846429049968719482e-01
3.249194920063018799e-01
2.919517457485198975e-01
3.234463632106781006e-01
2.926690280437469482e-01
3.008415699005126953e-01
2.947570085525512695e-01
2.916570305824279785e-01
2.827008664608001709e-01
2.836181223392486572e-01
2.950814366340637207e-01
3.662169277667999268e-01
2.910818457603454590e-01
2.993486523628234863e-01
2.936594486236572266e-01
2.839787304401397705e-01
2.805739641189575195e-01
3.038822114467620850e-01
2.920863330364227295e-01
3.010951578617095947e-01
3.404090702533721924e-01
3.208342492580413818e-01
3.005280792713165283e-01
2.731225490570068359e-01
2.651289701461791992e-01
2.667923867702484131e-01
2.688539326190948486e-01
3.274391591548919678e-01
2.822859883308410645e-01
2.735044956207275391e-01
2.652944922447204590e-01
2.785887420177459717e-01
2.852306365966796875e-01
3.056636750698089600e-01
2.999742031097412109e-01
2.971258759498596191e-01
2.969144284725189209e-01
3.252821564674377441e-01
2.812234759330749512e-01
2.815180718898773193e-01
2.877747714519500732e-01
2.964547574520111084e-01
2.755783796310424805e-01
2.921848297119140625e-01
2.833121716976165771e-01
2.965405583381652832e-01
3.084208071231842041e-01
3.236541450023651123e-01
3.011520802974700928e-01
3.455604314804077148e-01
3.192171454429626465e-01
2.852213084697723389e-01
3.043738901615142822e-01
2.763403356075286865e-01
2.726810872554779053e-01
2.630682587623596191e-01
3.396331965923309326e-01
2.710953950881958008e-01
2.884602248668670654e-01
2.850286960601806641e-01
3.119572699069976807e-01
2.867865264415740967e-01
2.899650633335113525e-01
3.069771230220794678e-01
2.768389582633972168e-01
3.479534089565277100e-01
2.624126374721527100e-01
3.260615170001983643e-01
2.711624503135681152e-01
3.005731999874114990e-01
2.927418947219848633e-01
2.975793480873107910e-01
2.989713251590728760e-01
2.704790532588958740e-01
2.597403228282928467e-01
2.602536380290985107e-01
2.960006594657897949e-01
3.202823102474212646e-01
3.112306594848632812e-01
2.712010741233825684e-01
3.206863999366760254e-01
3.508400619029998779e-01
3.181178271770477295e-01
2.981716096401214600e-01
2.835478186607360840e-01
2.987560033798217773e-01
2.738980948925018311e-01
2.910442948341369629e-01
2.770804464817047119e-01
2.645104825496673584e-01
2.915440499782562256e-01
3.499380946159362793e-01
2.748330235481262207e-01
2.611907422542572021e-01
2.717280089855194092e-01
3.029747903347015381e-01
3.120184242725372314e-01
2.736981809139251709e-01
2.714257240295410156e-01
2.564239501953125000e-01
2.873131334781646729e-01
3.207574784755706787e-01
2.762028872966766357e-01
2.704302966594696045e-01
2.655743062496185303e-01
2.858174741268157959e-01
2.722462713718414307e-01
2.621261775493621826e-01
2.629179656505584717e-01
2.830835878849029541e-01
3.429330289363861084e-01
2.831071317195892334e-01
2.738443315029144287e-01
2.779645621776580811e-01
2.881357669830322266e-01
2.641423344612121582e-01
2.726229131221771240e-01
2.668726146221160889e-01
2.630846798419952393e-01
3.161481022834777832e-01
2.656451165676116943e-01
3.098269104957580566e-01
2.569069862365722656e-01
2.866322398185729980e-01
2.959788739681243896e-01
3.052180409431457520e-01
3.369557857513427734e-01
2.653566896915435791e-01
3.025904297828674316e-01
2.796280980110168457e-01
2.622180879116058350e-01
2.768177688121795654e-01
3.541111350059509277e-01
2.853101789951324463e-01
2.759430408477783203e-01
2.561877667903900146e-01
3.020290434360504150e-01
2.821696698665618896e-01
2.850527763366699219e-01
2.777391672134399414e-01
3.040316104888916016e-01
2.613257765769958496e-01
3.099350929260253906e-01
2.562811970710754395e-01
2.924231886863708496e-01
2.713007926940917969e-01
2.752354145050048828e-01
2.606850564479827881e-01
3.200612962245941162e-01
3.161482810974121094e-01
2.664050459861755371e-01
2.764873504638671875e-01
2.507005929946899414e-01
3.038507997989654541e-01
2.728597819805145264e-01
2.657083272933959961e-01
2.953446507453918457e-01
2.874971628189086914e-01
2.596457898616790771e-01
2.704963684082031250e-01
2.759998738765716553e-01
2.701315581798553467e-01
2.846153974533081055e-01
2.716351151466369629e-01
3.026963174343109131e-01
2.748296856880187988e-01
3.295667469501495361e-01
2.788253724575042725e-01
2.801863253116607666e-01
2.815687656402587891e-01
2.997689545154571533e-01
2.769426405429840088e-01
2.635953426361083984e-01
2.806751430034637451e-01
2.519496977329254150e-01
2.887616753578186035e-01
2.563791871070861816e-01
2.929509580135345459e-01
3.041853010654449463e-01
2.449562549591064453e-01
3.018917441368103027e-01
3.105944097042083740e-01
3.191501200199127197e-01
2.540027201175689697e-01
2.703766524791717529e-01
2.718027234077453613e-01
2.913100123405456543e-01
2.640857696533203125e-01
2.703262269496917725e-01
2.640154063701629639e-01
2.442204505205154419e-01
2.925884127616882324e-01
2.788517475128173828e-01
3.440466523170471191e-01
2.707509100437164307e-01
2.730888426303863525e-01
2.561288774013519287e-01
2.638635337352752686e-01
2.624679505825042725e-01
2.804070413112640381e-01
2.745741307735443115e-01
2.573428750038146973e-01
2.787522375583648682e-01
2.885284125804901123e-01
2.440834790468215942e-01
2.879086136817932129e-01
2.527801990509033203e-01
2.624488174915313721e-01
2.610752880573272705e-01
3.114429414272308350e-01
2.800771892070770264e-01
2.460696250200271606e-01
2.784354388713836670e-01
2.792459428310394287e-01
2.737716734409332275e-01
2.604457437992095947e-01
2.786227166652679443e-01
2.749939560890197754e-01
2.721058726310729980e-01
2.874355018138885498e-01
2.957958877086639404e-01
2.969042360782623291e-01
2.811723351478576660e-01
2.551839053630828857e-01
2.564885914325714111e-01
2.613348662853240967e-01
3.289591073989868164e-01
2.520607709884643555e-01
2.736724317073822021e-01
2.649620175361633301e-01
2.939194142818450928e-01
2.666173875331878662e-01
3.227190375328063965e-01
2.824793756008148193e-01
2.677783071994781494e-01
2.424570620059967041e-01
2.721958160400390625e-01
2.659604251384735107e-01
2.871880531311035156e-01
3.142045140266418457e-01
2.606421411037445068e-01
2.976722717285156250e-01
2.451398223638534546e-01
2.641023397445678711e-01
2.558109760284423828e-01
2.513359189033508301e-01
2.901004850864410400e-01
2.454217523336410522e-01
2.472649812698364258e-01
2.454199790954589844e-01
2.645162045955657959e-01
2.513760030269622803e-01
2.468976974487304688e-01
2.992443442344665527e-01
2.785093784332275391e-01
2.801118791103363037e-01
2.574364840984344482e-01
2.399320900440216064e-01
2.982952594757080078e-01
2.605988085269927979e-01
2.700353562831878662e-01
2.646248042583465576e-01
2.447479218244552612e-01
2.961947321891784668e-01
2.561121284961700439e-01
2.889747619628906250e-01
2.574132382869720459e-01
2.606303393840789795e-01
2.591795623302459717e-01
2.609887123107910156e-01
3.081447780132293701e-01
2.888476252555847168e-01
2.518055140972137451e-01
2.560618519783020020e-01
2.812492847442626953e-01
2.962761521339416504e-01
2.891009449958801270e-01
2.523285746574401855e-01
2.859244942665100098e-01
2.669718861579895020e-01
2.682797610759735107e-01
2.481671571731567383e-01
2.899270653724670410e-01
2.652626633644104004e-01
3.096884489059448242e-01
2.687149941921234131e-01
3.195010125637054443e-01
3.018015921115875244e-01
2.410364896059036255e-01
2.886730134487152100e-01
2.594095170497894287e-01
2.967914044857025146e-01
2.412202805280685425e-01
2.428235560655593872e-01
2.858519256114959717e-01
3.250249028205871582e-01
2.815036475658416748e-01
2.533307373523712158e-01
2.480444908142089844e-01
2.677273750305175781e-01
2.758464515209197998e-01
2.476655542850494385e-01
2.741094529628753662e-01
3.225570023059844971e-01
2.440612167119979858e-01
2.510282695293426514e-01
2.448876351118087769e-01
2.425697296857833862e-01
2.699658274650573730e-01
2.521980702877044678e-01
2.701059281826019287e-01
2.906900644302368164e-01
2.592041194438934326e-01
2.899969220161437988e-01
2.654886245727539062e-01
2.647397220134735107e-01
2.496831864118576050e-01
2.708859741687774658e-01
2.602996528148651123e-01
2.737624347209930420e-01
2.619209587574005127e-01
2.430887222290039062e-01
2.627331316471099854e-01
3.056045770645141602e-01
2.349881380796432495e-01
2.857300341129302979e-01
2.461683303117752075e-01
2.542992234230041504e-01
2.592041790485382080e-01
3.043545484542846680e-01
2.658389806747436523e-01
2.496912330389022827e-01
2.555404305458068848e-01
2.476674318313598633e-01
3.050885796546936035e-01
2.486979067325592041e-01
2.804951369762420654e-01
2.617222070693969727e-01
2.939110398292541504e-01
2.626849114894866943e-01
2.641150951385498047e-01
2.632476985454559326e-01
2.660584151744842529e-01
2.397512048482894897e-01
2.441487610340118408e-01
2.886713445186614990e-01
3.066650032997131348e-01
2.703981399536132812e-01
2.615712583065032959e-01
2.572606205940246582e-01
2.576203048229217529e-01
2.734100222587585449e-01
2.600094079971313477e-01
2.502981126308441162e-01
2.903159856796264648e-01
2.481733411550521851e-01
3.048263192176818848e-01
2.457167655229568481e-01
2.687451839447021484e-01
2.502151131629943848e-01
2.718561291694641113e-01
2.537997066974639893e-01
2.648703157901763916e-01
2.676037251949310303e-01
2.613931596279144287e-01
2.412892878055572510e-01
2.708376049995422363e-01
2.474116832017898560e-01
2.426439076662063599e-01
2.644864022731781006e-01
2.513006627559661865e-01
3.030589520931243896e-01
2.559250295162200928e-01
2.356845587491989136e-01
2.669791877269744873e-01
2.993898391723632812e-01
2.678810656070709229e-01
2.508344948291778564e-01
2.926991879940032959e-01
2.783799767494201660e-01
2.605781257152557373e-01
2.531044483184814453e-01
2.481948882341384888e-01
2.810543775558471680e-01
2.711060941219329834e-01
2.480206489562988281e-01
2.389043420553207397e-01
2.681545913219451904e-01
2.528625428676605225e-01
2.535629570484161377e-01
2.896923720836639404e-01
2.351795881986618042e-01
2.763096988201141357e-01
2.564319074153900146e-01
2.435563653707504272e-01
2.724040448665618896e-01
2.566518485546112061e-01
2.598755359649658203e-01
3.124042153358459473e-01
2.875512242317199707e-01
2.273208200931549072e-01
2.790942192077636719e-01
2.468271255493164062e-01
2.490094751119613647e-01
3.077223300933837891e-01
2.703351080417633057e-01
2.492476552724838257e-01
2.728922069072723389e-01
2.439740896224975586e-01
2.581702768802642822e-01
2.437725067138671875e-01
2.461580485105514526e-01
2.884474396705627441e-01
2.424656450748443604e-01
2.349696159362792969e-01
2.302967309951782227e-01
2.704156339168548584e-01
2.627108395099639893e-01
2.546500265598297119e-01
2.669711112976074219e-01
2.575961649417877197e-01
2.607901990413665771e-01
2.696121037006378174e-01
2.475916445255279541e-01
2.471072524785995483e-01
2.475657761096954346e-01
2.584905922412872314e-01
2.626479268074035645e-01
2.423915416002273560e-01
2.659305632114410400e-01
2.540263831615447998e-01
2.624292075634002686e-01
2.525535225868225098e-01
2.404700815677642822e-01
2.695453763008117676e-01
2.433669120073318481e-01
2.543956041336059570e-01
2.627615928649902344e-01
2.650572955608367920e-01
2.764900624752044678e-01
2.327273190021514893e-01
2.263669967651367188e-01
2.358730286359786987e-01
2.598357796669006348e-01
2.721414864063262939e-01
2.329730838537216187e-01
2.627915441989898682e-01
2.608196437358856201e-01
2.556631267070770264e-01
2.801005542278289795e-01
2.398321926593780518e-01
2.738696038722991943e-01
2.306187599897384644e-01
2.464218139648437500e-01
2.739402353763580322e-01
2.595984637737274170e-01
3.212136030197143555e-01
2.338458299636840820e-01
2.631517350673675537e-01
2.434358149766921997e-01
2.436788529157638550e-01
2.592546641826629639e-01
2.372487336397171021e-01
2.531332075595855713e-01
2.807762920856475830e-01
2.828384339809417725e-01
2.369955629110336304e-01
2.334957122802734375e-01
2.341153621673583984e-01
2.748649716377258301e-01
2.817595005035400391e-01
2.358971089124679565e-01
2.561170458793640137e-01
2.597203254699707031e-01
2.438927143812179565e-01
2.528192400932312012e-01
2.672761380672454834e-01
2.432175129652023315e-01
2.231437712907791138e-01
2.443838566541671753e-01
2.515016794204711914e-01
2.759333252906799316e-01
2.449286729097366333e-01
2.526095807552337646e-01
2.572933435440063477e-01
2.381398528814315796e-01
2.383429855108261108e-01
2.654623985290527344e-01
3.062567412853240967e-01
2.467880994081497192e-01
2.914063632488250732e-01
2.439451217651367188e-01
2.765383422374725342e-01
2.528828084468841553e-01
2.585560679435729980e-01
2.629881799221038818e-01
2.716833055019378662e-01
2.621887326240539551e-01
2.434487193822860718e-01
2.456573545932769775e-01
2.480321973562240601e-01
2.391815632581710815e-01
2.339880913496017456e-01
2.435592710971832275e-01
2.498085051774978638e-01
2.472412139177322388e-01
2.604739665985107422e-01
2.508401870727539062e-01
2.519120275974273682e-01
2.777490615844726562e-01
2.633574604988098145e-01
2.648185789585113525e-01
2.653313279151916504e-01
2.401566505432128906e-01
2.835177481174468994e-01
2.526146173477172852e-01
2.340523004531860352e-01
2.199206352233886719e-01
2.474277019500732422e-01
2.947525978088378906e-01
2.394872754812240601e-01
2.342767715454101562e-01
2.574857175350189209e-01
2.662161886692047119e-01
2.223584651947021484e-01
2.692407071590423584e-01
2.535420060157775879e-01
2.399173974990844727e-01
2.338467389345169067e-01
2.818149328231811523e-01
2.515104711055755615e-01
2.984110116958618164e-01
2.913355231285095215e-01
2.647286355495452881e-01
2.484957724809646606e-01
2.272367477416992188e-01
2.340555191040039062e-01
2.265542000532150269e-01
2.427727729082107544e-01
2.615340650081634521e-01
2.680082619190216064e-01
2.452494204044342041e-01
2.369386255741119385e-01
2.207957059144973755e-01
2.936642169952392578e-01
2.344109565019607544e-01
2.494231313467025757e-01
2.402293235063552856e-01
2.537197172641754150e-01
2.454660683870315552e-01
2.505443990230560303e-01
2.444880455732345581e-01
2.368644028902053833e-01
2.656093239784240723e-01
2.641296386718750000e-01
2.256837934255599976e-01
3.051230013370513916e-01
2.734476029872894287e-01
2.293800860643386841e-01
2.622193396091461182e-01
2.347661554813385010e-01
2.243745625019073486e-01
2.650271356105804443e-01
2.598147392272949219e-01
2.407312840223312378e-01
2.436466515064239502e-01
2.306161224842071533e-01
2.415086776018142700e-01
2.494018822908401489e-01
2.344522029161453247e-01
2.329045534133911133e-01
3.017949163913726807e-01
2.400866597890853882e-01
2.411113530397415161e-01
2.673397660255432129e-01
2.336851209402084351e-01
2.978948652744293213e-01
2.574658393859863281e-01
2.789583504199981689e-01
2.356990873813629150e-01
2.435942143201828003e-01
2.398357838392257690e-01
2.465520650148391724e-01
2.419917583465576172e-01
2.678099870681762695e-01
2.613084614276885986e-01
2.357855290174484253e-01
2.663137614727020264e-01
2.610473334789276123e-01
2.418552935123443604e-01
2.277597934007644653e-01
2.602275311946868896e-01
2.710034847259521484e-01
2.320818901062011719e-01
2.505405843257904053e-01
2.273896485567092896e-01
2.840796411037445068e-01
2.334994822740554810e-01
2.312751263380050659e-01
2.338348478078842163e-01
2.477227747440338135e-01
2.521322667598724365e-01
3.157193362712860107e-01
2.340547591447830200e-01
2.317799329757690430e-01
2.456970959901809692e-01
2.780919969081878662e-01
2.467869073152542114e-01
2.304070740938186646e-01
2.514254748821258545e-01
2.548293769359588623e-01
2.418452501296997070e-01
2.519353330135345459e-01
2.418528646230697632e-01
2.318656742572784424e-01
2.866359651088714600e-01
2.465916126966476440e-01
2.365405112504959106e-01
2.337442636489868164e-01
2.655289769172668457e-01
2.347672283649444580e-01
2.951284646987915039e-01
2.564525902271270752e-01
2.396362274885177612e-01
2.873306274414062500e-01
2.346593886613845825e-01
2.215507775545120239e-01
2.508061230182647705e-01
2.467773705720901489e-01
2.959331274032592773e-01
2.121853381395339966e-01
2.329094409942626953e-01
2.793854176998138428e-01
2.185435742139816284e-01
2.415374815464019775e-01
2.545003592967987061e-01
2.343382835388183594e-01
2.326462715864181519e-01
2.304098159074783325e-01
2.184168398380279541e-01
2.411250174045562744e-01
2.346506416797637939e-01
2.376830130815505981e-01
2.289729416370391846e-01
2.730155587196350098e-01
2.649322748184204102e-01
2.227141410112380981e-01
2.538583874702453613e-01
2.562334537506103516e-01
2.301695793867111206e-01
2.214886695146560669e-01
2.560602724552154541e-01
2.454312890768051147e-01
2.552281916141510010e-01
2.525135278701782227e-01
2.411708831787109375e-01
2.319274693727493286e-01
2.255268543958663940e-01
2.328035086393356323e-01
2.221812754869461060e-01
2.232683151960372925e-01
2.430973351001739502e-01
2.484082728624343872e-01
2.906018793582916260e-01
2.430554181337356567e-01
2.472350597381591797e-01
2.584168016910552979e-01
2.562274634838104248e-01
2.390991002321243286e-01
2.314779311418533325e-01
2.581941187381744385e-01
2.494944632053375244e-01
2.378580421209335327e-01
2.605489194393157959e-01
2.593233883380889893e-01
2.268859148025512695e-01
2.279913723468780518e-01
2.307672500610351562e-01
2.566830217838287354e-01
2.385360002517700195e-01
2.540656626224517822e-01
2.512062191963195801e-01
2.795847654342651367e-01
2.297389358282089233e-01
2.858440577983856201e-01
2.517884671688079834e-01
2.515657544136047363e-01
2.420857697725296021e-01
2.422106564044952393e-01
2.485047876834869385e-01
2.482021450996398926e-01
2.254347354173660278e-01
2.303300201892852783e-01
2.428181469440460205e-01
2.440393418073654175e-01
2.676839232444763184e-01
2.473520487546920776e-01
2.679662108421325684e-01
2.393523305654525757e-01
2.327578067779541016e-01
2.537455856800079346e-01
2.570332586765289307e-01
2.534258961677551270e-01
2.471853792667388916e-01
2.369258254766464233e-01
2.156935036182403564e-01
2.265114039182662964e-01
2.300383150577545166e-01
2.658513188362121582e-01
2.325202673673629761e-01
2.378635853528976440e-01
2.337944805622100830e-01
2.602798640727996826e-01
2.659466266632080078e-01
2.859104275703430176e-01
2.766554057598114014e-01
2.496234476566314697e-01
2.344956398010253906e-01
2.516768574714660645e-01
2.999202907085418701e-01
2.158363163471221924e-01
2.214183360338211060e-01
2.151235193014144897e-01
2.383017987012863159e-01
2.152129411697387695e-01
2.504261136054992676e-01
2.522390782833099365e-01
2.309864610433578491e-01
2.396731227636337280e-01
2.229806035757064819e-01
2.430770695209503174e-01
2.455779314041137695e-01
2.268908023834228516e-01
2.713406085968017578e-01
2.184203118085861206e-01
2.635635137557983398e-01
2.535655796527862549e-01
2.505638897418975830e-01
2.431960105895996094e-01
2.282626181840896606e-01
2.294090092182159424e-01
2.548561394214630127e-01
2.487750053405761719e-01
2.406447231769561768e-01
2.174330204725265503e-01
2.606156468391418457e-01
2.548044323921203613e-01
2.368464320898056030e-01
2.501796782016754150e-01
2.293172180652618408e-01
2.197492122650146484e-01
3.013493716716766357e-01
2.540103495121002197e-01
2.229264527559280396e-01
2.210658639669418335e-01
2.195210903882980347e-01
2.252413332462310791e-01
2.467459440231323242e-01
2.601268589496612549e-01
2.489017099142074585e-01
2.575092911720275879e-01
2.576347291469573975e-01
2.165171205997467041e-01
2.654221057891845703e-01
2.404464930295944214e-01
2.219666987657546997e-01
2.406259626150131226e-01
2.144915610551834106e-01
2.103414982557296753e-01
2.482877969741821289e-01
2.726213335990905762e-01
2.158959954977035522e-01
2.349404096603393555e-01
2.280528098344802856e-01
2.714191377162933350e-01
2.400745004415512085e-01
2.251212596893310547e-01
2.298654615879058838e-01
2.755421102046966553e-01
2.564224898815155029e-01
2.793993651866912842e-01
2.193356007337570190e-01
2.247540950775146484e-01
2.557535767555236816e-01
2.271422147750854492e-01
2.523327767848968506e-01
2.639374434947967529e-01
2.522890269756317139e-01
2.283172607421875000e-01
2.298626899719238281e-01
2.187884300947189331e-01
2.259705364704132080e-01
2.768629491329193115e-01
2.362200319766998291e-01
2.763337194919586182e-01
2.417774200439453125e-01
2.330679446458816528e-01
2.161822170019149780e-01
2.281517088413238525e-01
2.181139290332794189e-01
2.184339612722396851e-01
2.627874016761779785e-01
2.194208204746246338e-01
2.259992659091949463e-01
2.428090572357177734e-01
2.506815493106842041e-01
2.205731719732284546e-01
2.223731279373168945e-01
2.778708338737487793e-01
2.391753047704696655e-01
2.210423797369003296e-01
2.490826100111007690e-01
2.139440327882766724e-01
2.504485547542572021e-01
2.263708114624023438e-01
2.237292379140853882e-01
2.414888590574264526e-01
2.147205621004104614e-01
2.309778183698654175e-01
2.671931982040405273e-01
2.409955114126205444e-01
2.881567180156707764e-01
2.185811996459960938e-01
2.338334172964096069e-01
2.469275444746017456e-01
2.627805173397064209e-01
2.406503409147262573e-01
2.146692276000976562e-01
2.539249956607818604e-01
2.711006104946136475e-01
2.632645070552825928e-01
2.267501801252365112e-01
2.360821217298507690e-01
2.212138622999191284e-01
2.543780505657196045e-01
2.440101206302642822e-01
2.409485429525375366e-01
2.247758954763412476e-01
2.130171358585357666e-01
2.599194049835205078e-01
2.540160119533538818e-01
2.102601975202560425e-01
2.529467940330505371e-01
2.314947098493576050e-01
2.334011346101760864e-01
2.649179100990295410e-01
2.395602762699127197e-01
2.311367243528366089e-01
2.200431674718856812e-01
2.636892795562744141e-01
2.473435997962951660e-01
2.198030054569244385e-01
2.502570748329162598e-01
2.599450051784515381e-01
2.376430779695510864e-01
2.204695045948028564e-01
2.407575100660324097e-01
2.256971448659896851e-01
2.342007607221603394e-01
2.362144291400909424e-01
2.279079258441925049e-01
2.208133786916732788e-01
2.511828839778900146e-01
2.540229260921478271e-01
2.374774664640426636e-01
2.402001470327377319e-01
2.749291956424713135e-01
2.276813536882400513e-01
2.276579886674880981e-01
2.332793772220611572e-01
2.447221279144287109e-01
2.425343841314315796e-01
2.463528662919998169e-01
2.542053759098052979e-01
2.459404021501541138e-01
2.284595221281051636e-01
2.438911646604537964e-01
2.209360599517822266e-01
2.509812712669372559e-01
2.269099056720733643e-01
2.347287237644195557e-01
2.311665564775466919e-01
2.574534118175506592e-01
2.065180838108062744e-01
2.383744567632675171e-01
2.749721109867095947e-01
2.177616804838180542e-01
2.069650441408157349e-01
2.519940435886383057e-01
2.297635376453399658e-01
2.685579657554626465e-01
2.596300840377807617e-01
2.154457420110702515e-01
2.565270364284515381e-01
2.297030985355377197e-01
2.116791754961013794e-01
2.401231825351715088e-01
2.247495204210281372e-01
2.316057980060577393e-01
2.394215911626815796e-01
2.486366778612136841e-01
2.357211112976074219e-01
2.371042221784591675e-01
2.238762229681015015e-01
2.978320121765136719e-01
2.142666578292846680e-01
2.123900949954986572e-01
2.094140052795410156e-01
2.333676069974899292e-01
2.790132462978363037e-01
2.124721109867095947e-01
2.326615303754806519e-01
2.282558232545852661e-01
2.171384394168853760e-01
2.403841018676757812e-01
2.568596303462982178e-01
2.116810083389282227e-01
2.540265023708343506e-01
2.304349988698959351e-01
2.609628140926361084e-01
2.544224262237548828e-01
2.244766801595687866e-01
2.427251338958740234e-01
2.725895345211029053e-01
2.233070135116577148e-01
2.324893027544021606e-01
2.163903266191482544e-01
2.123679369688034058e-01
2.294564247131347656e-01
2.258787155151367188e-01
2.306579798460006714e-01
