7.315868735313415527e-01
7.109468579292297363e-01
6.890897154808044434e-01
6.655773520469665527e-01
6.515510678291320801e-01
6.609563827514648438e-01
6.288792490959167480e-01
6.184436082839965820e-01
6.088720560073852539e-01
6.005595326423645020e-01
5.970122218132019043e-01
5.925962328910827637e-01
5.922974944114685059e-01
5.868352651596069336e-01
5.854241251945495605e-01
5.849794745445251465e-01
5.722150206565856934e-01
5.678371787071228027e-01
5.605531930923461914e-01
5.568091869354248047e-01
5.546043515205383301e-01
5.579687952995300293e-01
5.563702583312988281e-01
5.402249693870544434e-01
5.399776101112365723e-01
5.564938783645629883e-01
5.404344797134399414e-01
5.298805236816406250e-01
5.465363264083862305e-01
5.337819457054138184e-01
5.350111126899719238e-01
5.247210860252380371e-01
5.250147581100463867e-01
5.553881525993347168e-01
5.271316170692443848e-01
5.235924124717712402e-01
5.223158001899719238e-01
5.156480073928833008e-01
5.162923932075500488e-01
4.957892596721649170e-01
5.008371472358703613e-01
5.088914036750793457e-01
4.969098269939422607e-01
5.017558932304382324e-01
4.990126788616180420e-01
4.994537532329559326e-01
5.025402903556823730e-01
4.977440536022186279e-01
4.841921925544738770e-01
4.848289489746093750e-01
4.896245896816253662e-01
4.768645465373992920e-01
4.756393432617187500e-01
4.737873077392578125e-01
4.857933223247528076e-01
4.767286479473114014e-01
4.781794250011444092e-01
4.666302800178527832e-01
4.751201272010803223e-01
4.750455021858215332e-01
4.560472667217254639e-01
4.717007577419281006e-01
4.704206883907318115e-01
4.807832241058349609e-01
4.602729380130767822e-01
4.669568240642547607e-01
4.554181993007659912e-01
4.573925435543060303e-01
4.511800706386566162e-01
4.537878632545471191e-01
4.652966558933258057e-01
4.388206005096435547e-01
4.408261477947235107e-01
4.481168389320373535e-01
4.438929259777069092e-01
4.583908617496490479e-01
4.380414187908172607e-01
4.429101943969726562e-01
4.379121959209442139e-01
4.433798789978027344e-01
4.414383471012115479e-01
4.273975789546966553e-01
4.248153865337371826e-01
4.412467181682586670e-01
4.381033480167388916e-01
4.691060483455657959e-01
4.344766736030578613e-01
4.238889813423156738e-01
4.197684824466705322e-01
4.346080422401428223e-01
4.143469929695129395e-01
4.286990165710449219e-01
4.244242608547210693e-01
4.134019911289215088e-01
4.329661428928375244e-01
4.301458895206451416e-01
4.127227962017059326e-01
4.213413298130035400e-01
4.112027287483215332e-01
4.215188622474670410e-01
4.356798231601715088e-01
4.209376871585845947e-01
4.110321700572967529e-01
4.029066264629364014e-01
4.061741530895233154e-01
4.150991439819335938e-01
4.331353604793548584e-01
4.067695140838623047e-01
4.185531735420227051e-01
4.114209115505218506e-01
4.136122167110443115e-01
4.387331902980804443e-01
4.071116447448730469e-01
3.950104117393493652e-01
4.031790792942047119e-01
3.951725065708160400e-01
4.067189395427703857e-01
3.971092700958251953e-01
3.968387544155120850e-01
4.016759693622589111e-01
4.169810712337493896e-01
4.044795930385589600e-01
3.857433199882507324e-01
4.111225306987762451e-01
3.992328047752380371e-01
3.868077695369720459e-01
3.871066272258758545e-01
4.001214206218719482e-01
4.061678946018218994e-01
3.894014358520507812e-01
3.736802041530609131e-01
3.925213813781738281e-01
4.205478131771087646e-01
3.951792716979980469e-01
3.893036544322967529e-01
3.951412439346313477e-01
3.847805559635162354e-01
3.857976198196411133e-01
3.821970522403717041e-01
3.817407190799713135e-01
3.881420493125915527e-01
4.150548577308654785e-01
3.773989379405975342e-01
3.878284990787506104e-01
3.709236681461334229e-01
3.837012946605682373e-01
3.903987109661102295e-01
3.942600786685943604e-01
3.773980736732482910e-01
3.986480832099914551e-01
3.866120278835296631e-01
3.749953210353851318e-01
3.838494420051574707e-01
3.764266669750213623e-01
3.957916498184204102e-01
4.072894752025604248e-01
3.726332187652587891e-01
3.913474977016448975e-01
3.820897042751312256e-01
3.742857575416564941e-01
3.707671165466308594e-01
3.885320127010345459e-01
3.793886303901672363e-01
3.727030158042907715e-01
3.769415318965911865e-01
3.763431012630462646e-01
3.932532966136932373e-01
4.005875587463378906e-01
3.819352686405181885e-01
3.719761371612548828e-01
3.632616698741912842e-01
3.833856880664825439e-01
3.671239018440246582e-01
3.741663396358489990e-01
3.798426687717437744e-01
3.762158155441284180e-01
3.676237165927886963e-01
3.557279706001281738e-01
3.719406723976135254e-01
3.581419587135314941e-01
3.839448392391204834e-01
3.622821271419525146e-01
3.669998347759246826e-01
3.589808642864227295e-01
3.520362079143524170e-01
3.842901289463043213e-01
3.521294891834259033e-01
3.672813177108764648e-01
3.623724877834320068e-01
3.544509708881378174e-01
3.606271743774414062e-01
3.730893731117248535e-01
3.690932393074035645e-01
3.720493018627166748e-01
3.703238070011138916e-01
3.720399439334869385e-01
3.607736229896545410e-01
4.082440435886383057e-01
3.567662537097930908e-01
3.628177046775817871e-01
3.622345328330993652e-01
3.737230598926544189e-01
3.584077656269073486e-01
3.565068244934082031e-01
3.563033938407897949e-01
3.633731603622436523e-01
3.526116013526916504e-01
3.786967694759368896e-01
3.799064159393310547e-01
3.580595254898071289e-01
3.525486588478088379e-01
3.557803332805633545e-01
3.533615767955780029e-01
3.494494855403900146e-01
3.548138737678527832e-01
3.494263589382171631e-01
3.482304215431213379e-01
3.558828830718994141e-01
3.518564403057098389e-01
3.615723252296447754e-01
3.502931296825408936e-01
3.413685858249664307e-01
3.488950431346893311e-01
3.493900299072265625e-01
3.511707484722137451e-01
3.496676385402679443e-01
3.505997359752655029e-01
3.426974713802337646e-01
3.498055636882781982e-01
3.473546206951141357e-01
3.702938854694366455e-01
3.543992936611175537e-01
3.472060263156890869e-01
3.493137657642364502e-01
3.500044345855712891e-01
3.490728437900543213e-01
3.449408710002899170e-01
3.717259168624877930e-01
3.515633642673492432e-01
3.605404198169708252e-01
3.696631193161010742e-01
3.349972367286682129e-01
3.385941982269287109e-01
3.388308584690093994e-01
3.443471491336822510e-01
3.434503972530364990e-01
3.417052924633026123e-01
3.575465679168701172e-01
3.938996493816375732e-01
3.462022542953491211e-01
3.366803526878356934e-01
3.483726084232330322e-01
3.395201265811920166e-01
3.367697596549987793e-01
3.535486757755279541e-01
3.353064656257629395e-01
3.389389216899871826e-01
3.614882528781890869e-01
3.370835781097412109e-01
3.306863307952880859e-01
3.434370160102844238e-01
3.530524969100952148e-01
3.404344618320465088e-01
3.345710933208465576e-01
3.457182943820953369e-01
3.334161341190338135e-01
3.350920081138610840e-01
3.380349576473236084e-01
3.382897078990936279e-01
3.439269661903381348e-01
3.568989932537078857e-01
3.291583657264709473e-01
3.543044328689575195e-01
3.329738080501556396e-01
3.304986953735351562e-01
3.252891898155212402e-01
3.312186300754547119e-01
3.320568501949310303e-01
3.388221263885498047e-01
3.314670324325561523e-01
3.510943949222564697e-01
3.407866954803466797e-01
3.588782846927642822e-01
3.311046063899993896e-01
3.310447931289672852e-01
3.412213027477264404e-01
3.428396880626678467e-01
3.450754880905151367e-01
3.236351013183593750e-01
3.242005407810211182e-01
3.283925056457519531e-01
3.418655097484588623e-01
3.290063440799713135e-01
3.292296528816223145e-01
3.267323374748229980e-01
3.363206982612609863e-01
3.375947177410125732e-01
3.319078385829925537e-01
3.250603377819061279e-01
3.273799121379852295e-01
3.743595480918884277e-01
3.220182359218597412e-01
3.270317912101745605e-01
3.411275744438171387e-01
3.643259406089782715e-01
3.254507482051849365e-01
3.213668763637542725e-01
3.313110470771789551e-01
3.310591876506805420e-01
3.334565162658691406e-01
3.369421660900115967e-01
3.273699879646301270e-01
3.349350392818450928e-01
3.192923367023468018e-01
3.292993307113647461e-01
3.191911876201629639e-01
3.181716799736022949e-01
3.393150866031646729e-01
3.271156251430511475e-01
3.208265006542205811e-01
3.141965866088867188e-01
3.553836941719055176e-01
3.250912427902221680e-01
3.165031969547271729e-01
3.231323659420013428e-01
3.184689581394195557e-01
3.371768295764923096e-01
3.157694637775421143e-01
3.240760266780853271e-01
3.506284356117248535e-01
3.166107535362243652e-01
3.334486782550811768e-01
3.245670497417449951e-01
3.293010890483856201e-01
3.229651451110839844e-01
3.190625309944152832e-01
3.217094838619232178e-01
3.248003125190734863e-01
3.142505288124084473e-01
3.232359886169433594e-01
3.311562240123748779e-01
3.193368017673492432e-01
3.482706546783447266e-01
3.085770010948181152e-01
3.120304942131042480e-01
3.215893208980560303e-01
3.213400244712829590e-01
3.294619023799896240e-01
3.134108185768127441e-01
3.150720894336700439e-01
3.246672153472900391e-01
3.458259403705596924e-01
3.098542094230651855e-01
3.236690163612365723e-01
3.218165338039398193e-01
3.343466818332672119e-01
3.242564797401428223e-01
3.134480118751525879e-01
3.146443963050842285e-01
3.107335865497589111e-01
3.120481669902801514e-01
3.175923824310302734e-01
3.394214808940887451e-01
3.413804471492767334e-01
3.138500154018402100e-01
3.144597709178924561e-01
3.145767152309417725e-01
3.294894397258758545e-01
3.060116767883300781e-01
3.141323626041412354e-01
3.245482444763183594e-01
3.399240374565124512e-01
3.107722699642181396e-01
3.126085400581359863e-01
3.290041387081146240e-01
3.241355121135711670e-01
3.149645626544952393e-01
3.135074675083160400e-01
3.150857090950012207e-01
3.141010403633117676e-01
3.225169777870178223e-01
3.072890341281890869e-01
3.019242882728576660e-01
3.475885391235351562e-01
3.083147704601287842e-01
3.086109757423400879e-01
3.341295421123504639e-01
3.350147604942321777e-01
2.976471483707427979e-01
3.177889287471771240e-01
3.040032088756561279e-01
3.433094620704650879e-01
3.217007219791412354e-01
3.109548985958099365e-01
3.113225996494293213e-01
3.026073575019836426e-01
3.088004589080810547e-01
3.000559508800506592e-01
3.222025036811828613e-01
2.992257773876190186e-01
3.102242648601531982e-01
3.267441689968109131e-01
3.084432184696197510e-01
3.087038695812225342e-01
3.136987388134002686e-01
3.042098283767700195e-01
3.143994510173797607e-01
3.134721219539642334e-01
3.271465301513671875e-01
3.291705548763275146e-01
2.990576922893524170e-01
3.016009926795959473e-01
3.046920895576477051e-01
3.005343377590179443e-01
3.124514222145080566e-01
3.176198899745941162e-01
2.996491789817810059e-01
3.016251027584075928e-01
3.177255988121032715e-01
3.023612797260284424e-01
3.098597824573516846e-01
3.009416162967681885e-01
3.237331807613372803e-01
2.991730272769927979e-01
3.092123568058013916e-01
3.228106796741485596e-01
3.331144154071807861e-01
3.021573126316070557e-01
2.951867580413818359e-01
3.072871267795562744e-01
3.288651108741760254e-01
3.056120574474334717e-01
2.984926700592041016e-01
3.084534704685211182e-01
2.893524765968322754e-01
2.993222177028656006e-01
3.146815001964569092e-01
3.069717586040496826e-01
2.995990812778472900e-01
3.500088751316070557e-01
3.199028968811035156e-01
3.017094731330871582e-01
2.991297841072082520e-01
3.058517575263977051e-01
3.059047162532806396e-01
3.302482068538665771e-01
3.117527663707733154e-01
3.040932416915893555e-01
3.118446767330169678e-01
3.077977597713470459e-01
2.965771555900573730e-01
3.001221716403961182e-01
3.002018332481384277e-01
3.081125915050506592e-01
3.037208616733551025e-01
2.954550385475158691e-01
2.922863662242889404e-01
3.017959594726562500e-01
2.916750609874725342e-01
2.970384061336517334e-01
3.479792773723602295e-01
3.031489551067352295e-01
3.180794417858123779e-01
2.912898659706115723e-01
3.051996827125549316e-01
2.929205596446990967e-01
2.975423932075500488e-01
3.071004450321197510e-01
3.118448555469512939e-01
3.003930747509002686e-01
2.925502359867095947e-01
2.927624285221099854e-01
2.992495000362396240e-01
2.991247773170471191e-01
3.046382069587707520e-01
3.084017038345336914e-01
3.011941611766815186e-01
2.916747033596038818e-01
3.020874857902526855e-01
2.879776060581207275e-01
2.998881340026855469e-01
2.927196919918060303e-01
3.094981312751770020e-01
2.945518195629119873e-01
3.140099644660949707e-01
3.164776265621185303e-01
3.160765767097473145e-01
2.991358637809753418e-01
2.936552762985229492e-01
2.936038076877593994e-01
2.922816574573516846e-01
2.937522530555725098e-01
3.093424737453460693e-01
2.903752923011779785e-01
2.892912924289703369e-01
2.987096905708312988e-01
2.975808680057525635e-01
3.248990178108215332e-01
3.011441230773925781e-01
2.956365644931793213e-01
2.891104817390441895e-01
2.978532016277313232e-01
2.868587076663970947e-01
2.958341240882873535e-01
2.956665158271789551e-01
2.943345010280609131e-01
2.856068313121795654e-01
2.825877964496612549e-01
2.838488817214965820e-01
2.936332523822784424e-01
3.228874802589416504e-01
2.935245633125305176e-01
2.968463003635406494e-01
3.074803054332733154e-01
3.028217256069183350e-01
2.890446186065673828e-01
2.874801754951477051e-01
2.978517711162567139e-01
2.843067348003387451e-01
3.057700097560882568e-01
2.956720888614654541e-01
2.876401841640472412e-01
2.879225015640258789e-01
3.101622164249420166e-01
2.894884049892425537e-01
2.821310162544250488e-01
2.953076958656311035e-01
3.317269682884216309e-01
3.114442825317382812e-01
3.082835376262664795e-01
2.837226390838623047e-01
3.097671568393707275e-01
2.988032400608062744e-01
2.811789512634277344e-01
3.083033561706542969e-01
2.842190861701965332e-01
2.931059896945953369e-01
2.980662882328033447e-01
3.129574954509735107e-01
2.947334945201873779e-01
3.133701980113983154e-01
2.820046544075012207e-01
2.814546227455139160e-01
3.063218891620635986e-01
2.885385155677795410e-01
2.891341745853424072e-01
2.870928347110748291e-01
2.988465428352355957e-01
2.884033918380737305e-01
2.975137829780578613e-01
2.856940925121307373e-01
2.813608348369598389e-01
2.836105525493621826e-01
2.780974805355072021e-01
2.869838178157806396e-01
3.347955644130706787e-01
2.893017530441284180e-01
2.967469096183776855e-01
2.917516231536865234e-01
2.827228307723999023e-01
2.816270887851715088e-01
2.762510478496551514e-01
2.911685407161712646e-01
2.920499444007873535e-01
3.049920201301574707e-01
2.826789915561676025e-01
2.840866148471832275e-01
2.803645133972167969e-01
2.828458845615386963e-01
2.874598205089569092e-01
2.808493673801422119e-01
2.848071455955505371e-01
2.903915345668792725e-01
2.950189709663391113e-01
2.897201478481292725e-01
2.762017548084259033e-01
2.867924273014068604e-01
2.985822856426239014e-01
2.780616283416748047e-01
2.858368754386901855e-01
2.881958484649658203e-01
3.095919191837310791e-01
2.870548367500305176e-01
2.828646600246429443e-01
2.865370810031890869e-01
2.803695499897003174e-01
2.749527394771575928e-01
3.267472684383392334e-01
2.847540974617004395e-01
3.003794252872467041e-01
2.889736592769622803e-01
2.858717143535614014e-01
2.841086089611053467e-01
3.377414643764495850e-01
2.778980731964111328e-01
2.909236550331115723e-01
3.079301714897155762e-01
2.926971614360809326e-01
2.865322530269622803e-01
2.883415222167968750e-01
2.787123620510101318e-01
2.731061875820159912e-01
2.765557169914245605e-01
2.797032296657562256e-01
2.739596366882324219e-01
2.753126323223114014e-01
2.723934650421142578e-01
3.313043713569641113e-01
2.900197505950927734e-01
3.026518523693084717e-01
2.922916412353515625e-01
2.738517224788665771e-01
2.870477139949798584e-01
2.737381160259246826e-01
3.036496043205261230e-01
2.830688357353210449e-01
2.900003790855407715e-01
2.792187631130218506e-01
2.876165807247161865e-01
2.953768074512481689e-01
2.777591645717620850e-01
2.802584171295166016e-01
2.988697290420532227e-01
2.956053912639617920e-01
2.791911959648132324e-01
2.737691402435302734e-01
3.031444251537322998e-01
2.883028686046600342e-01
2.876721024513244629e-01
2.802608311176300049e-01
2.773923873901367188e-01
2.810454964637756348e-01
2.743903696537017822e-01
3.109453618526458740e-01
2.767996490001678467e-01
2.728659808635711670e-01
2.771916091442108154e-01
2.794114053249359131e-01
2.928164303302764893e-01
2.751354277133941650e-01
2.768343091011047363e-01
2.724026143550872803e-01
3.047861754894256592e-01
2.662395536899566650e-01
2.872931659221649170e-01
3.226445317268371582e-01
2.778332233428955078e-01
2.736485898494720459e-01
2.809226512908935547e-01
2.749178111553192139e-01
2.767344117164611816e-01
2.813648581504821777e-01
2.824293076992034912e-01
2.675831019878387451e-01
2.919974923133850098e-01
2.800523340702056885e-01
2.720917165279388428e-01
2.935765385627746582e-01
2.767981588840484619e-01
2.829881608486175537e-01
2.756262719631195068e-01
2.885597348213195801e-01
2.747387588024139404e-01
2.690830826759338379e-01
3.171162307262420654e-01
2.729538381099700928e-01
2.772447764873504639e-01
2.998276352882385254e-01
2.898298799991607666e-01
2.716984748840332031e-01
2.729057371616363525e-01
2.674617469310760498e-01
2.657823860645294189e-01
2.717307209968566895e-01
2.905600666999816895e-01
2.839175164699554443e-01
2.660325765609741211e-01
2.973815500736236572e-01
2.653492391109466553e-01
2.703875601291656494e-01
3.021163940429687500e-01
2.711128294467926025e-01
2.723008990287780762e-01
2.638706862926483154e-01
3.048930168151855469e-01
2.997899055480957031e-01
2.781769931316375732e-01
2.747178971767425537e-01
2.735868990421295166e-01
2.657003104686737061e-01
2.751854360103607178e-01
2.785576879978179932e-01
2.684681117534637451e-01
2.722083032131195068e-01
2.733862996101379395e-01
2.633961737155914307e-01
2.670050561428070068e-01
2.699113488197326660e-01
2.679941356182098389e-01
2.629430890083312988e-01
2.789519727230072021e-01
3.051254451274871826e-01
2.840234339237213135e-01
2.702646851539611816e-01
2.630864083766937256e-01
2.597350478172302246e-01
2.719126641750335693e-01
2.726938128471374512e-01
2.811207473278045654e-01
2.643720805644989014e-01
2.703859806060791016e-01
2.782723903656005859e-01
3.068299293518066406e-01
2.655467987060546875e-01
2.762448489665985107e-01
2.622571885585784912e-01
2.707364559173583984e-01
2.803807258605957031e-01
2.748368978500366211e-01
3.203428983688354492e-01
2.723316848278045654e-01
2.790705263614654541e-01
2.728761136531829834e-01
2.654798626899719238e-01
2.798852026462554932e-01
2.702827155590057373e-01
2.705986201763153076e-01
2.665787339210510254e-01
2.619233727455139160e-01
2.692673802375793457e-01
2.611425518989562988e-01
2.788750827312469482e-01
2.659718990325927734e-01
2.953978478908538818e-01
2.787970602512359619e-01
2.815596461296081543e-01
2.680942416191101074e-01
2.730654180049896240e-01
2.643415927886962891e-01
2.682113349437713623e-01
2.685189843177795410e-01
2.633398473262786865e-01
2.852547764778137207e-01
2.550372779369354248e-01
2.683795094490051270e-01
2.618828713893890381e-01
2.670923173427581787e-01
2.638662457466125488e-01
2.783469557762145996e-01
2.681252062320709229e-01
2.686165273189544678e-01
2.666156888008117676e-01
2.679977416992187500e-01
2.664320766925811768e-01
2.734504044055938721e-01
2.679054439067840576e-01
2.627958655357360840e-01
2.760868668556213379e-01
3.112255036830902100e-01
2.677534818649291992e-01
2.741436660289764404e-01
3.048875033855438232e-01
2.670561671257019043e-01
2.579316198825836182e-01
3.049491643905639648e-01
2.787879407405853271e-01
2.747006118297576904e-01
2.645829617977142334e-01
2.874413430690765381e-01
2.657082974910736084e-01
2.642374038696289062e-01
2.594637572765350342e-01
2.797951400279998779e-01
2.752878963947296143e-01
2.750018537044525146e-01
2.623138129711151123e-01
2.820823788642883301e-01
2.737623751163482666e-01
2.619158029556274414e-01
2.690940499305725098e-01
2.937227189540863037e-01
2.567463815212249756e-01
2.663338780403137207e-01
2.642678916454315186e-01
2.926998138427734375e-01
2.594568729400634766e-01
2.620694339275360107e-01
2.690499424934387207e-01
2.557044923305511475e-01
2.760740220546722412e-01
2.556287646293640137e-01
2.725694775581359863e-01
2.679528892040252686e-01
2.578770816326141357e-01
2.598655819892883301e-01
2.609440386295318604e-01
2.553948462009429932e-01
2.615593075752258301e-01
2.569621801376342773e-01
2.654512524604797363e-01
