9.823282361030578613e-01
9.614977240562438965e-01
9.738385081291198730e-01
9.212619662284851074e-01
8.743713498115539551e-01
8.811262249946594238e-01
8.373888134956359863e-01
8.377704024314880371e-01
8.768305778503417969e-01
8.302686810493469238e-01
8.370419740676879883e-01
8.364323973655700684e-01
8.137945532798767090e-01
8.206993341445922852e-01
7.818577885627746582e-01
7.974667549133300781e-01
7.521084547042846680e-01
7.555552721023559570e-01
8.263098001480102539e-01
8.018119931221008301e-01
7.926260232925415039e-01
7.963767647743225098e-01
7.709869146347045898e-01
7.563927173614501953e-01
7.473499178886413574e-01
7.860873937606811523e-01
7.343108057975769043e-01
7.295154929161071777e-01
7.521080374717712402e-01
7.621316909790039062e-01
7.549331188201904297e-01
7.215508222579956055e-01
7.565385103225708008e-01
7.107623219490051270e-01
7.138781547546386719e-01
7.238044142723083496e-01
7.404561042785644531e-01
7.499498724937438965e-01
7.153570055961608887e-01
7.006052136421203613e-01
7.509286999702453613e-01
6.979317069053649902e-01
6.863903999328613281e-01
7.196630835533142090e-01
7.059400677680969238e-01
6.944634318351745605e-01
7.155200839042663574e-01
6.825227737426757812e-01
6.899178624153137207e-01
7.218191027641296387e-01
6.896971464157104492e-01
6.895823478698730469e-01
7.034813761711120605e-01
6.640599370002746582e-01
6.729601025581359863e-01
6.864178776741027832e-01
6.824607849121093750e-01
6.788460612297058105e-01
6.554238200187683105e-01
6.813703179359436035e-01
7.289752364158630371e-01
6.617593765258789062e-01
6.522493362426757812e-01
6.628420948982238770e-01
6.785139441490173340e-01
6.235949397087097168e-01
6.629628539085388184e-01
6.509799957275390625e-01
6.698657870292663574e-01
6.752032637596130371e-01
6.709742546081542969e-01
6.697928309440612793e-01
6.501609683036804199e-01
6.836723089218139648e-01
6.251308321952819824e-01
6.369268298149108887e-01
6.701493263244628906e-01
6.544274687767028809e-01
6.401988267898559570e-01
6.482033133506774902e-01
6.522545814514160156e-01
6.441931724548339844e-01
6.212677359580993652e-01
6.624644398689270020e-01
6.627508997917175293e-01
6.588001251220703125e-01
6.413966417312622070e-01
6.026298403739929199e-01
6.629351973533630371e-01
6.240736842155456543e-01
6.652891039848327637e-01
6.205033659934997559e-01
6.477614641189575195e-01
6.162486076354980469e-01
6.078191995620727539e-01
6.133402585983276367e-01
6.517865061759948730e-01
6.463848948478698730e-01
6.067697405815124512e-01
6.241885423660278320e-01
6.251439452171325684e-01
6.259349584579467773e-01
6.045731902122497559e-01
6.093937754631042480e-01
6.010066270828247070e-01
6.273234486579895020e-01
6.305889487266540527e-01
6.380177736282348633e-01
6.050831079483032227e-01
5.834165215492248535e-01
6.223232150077819824e-01
6.211564540863037109e-01
6.079441308975219727e-01
6.084621548652648926e-01
6.148713231086730957e-01
5.876855254173278809e-01
6.097550988197326660e-01
5.992837548255920410e-01
6.144087910652160645e-01
6.079379320144653320e-01
6.280570626258850098e-01
5.918301343917846680e-01
5.962706804275512695e-01
5.913416743278503418e-01
6.300294995307922363e-01
6.068610548973083496e-01
5.798109173774719238e-01
6.112905144691467285e-01
6.024920344352722168e-01
5.649563670158386230e-01
5.882255434989929199e-01
6.008813977241516113e-01
6.659230589866638184e-01
6.018328666687011719e-01
5.784494280815124512e-01
5.973275899887084961e-01
5.691224932670593262e-01
6.327335834503173828e-01
5.778183937072753906e-01
6.005787849426269531e-01
5.908713936805725098e-01
5.953735709190368652e-01
5.998736619949340820e-01
6.246141791343688965e-01
6.035065054893493652e-01
5.805807113647460938e-01
5.842424631118774414e-01
6.025940179824829102e-01
5.947618484497070312e-01
5.869523286819458008e-01
5.696318149566650391e-01
6.204655766487121582e-01
5.670760273933410645e-01
6.135603189468383789e-01
5.936632752418518066e-01
6.030851602554321289e-01
5.870742797851562500e-01
5.587234497070312500e-01
5.647312998771667480e-01
5.875164866447448730e-01
