6.940197944641113281e-01
6.531966328620910645e-01
6.356109380722045898e-01
6.297461390495300293e-01
6.220919489860534668e-01
6.139728426933288574e-01
5.917099118232727051e-01
5.905725359916687012e-01
5.934543013572692871e-01
5.880963802337646484e-01
5.624605417251586914e-01
5.554632544517517090e-01
5.463334918022155762e-01
5.339693427085876465e-01
5.235220789909362793e-01
5.097441077232360840e-01
5.074572563171386719e-01
5.101824998855590820e-01
5.341449975967407227e-01
4.875078797340393066e-01
4.699445664882659912e-01
4.290528297424316406e-01
4.630638659000396729e-01
4.322211742401123047e-01
4.010928571224212646e-01
4.334201812744140625e-01
4.265832901000976562e-01
4.020054340362548828e-01
4.118060171604156494e-01
3.978644013404846191e-01
3.810250759124755859e-01
3.820327818393707275e-01
3.888388574123382568e-01
3.805999457836151123e-01
3.894674479961395264e-01
4.243943691253662109e-01
3.554342389106750488e-01
4.103312492370605469e-01
4.324778020381927490e-01
4.398094713687896729e-01
3.058058321475982666e-01
3.349510133266448975e-01
3.313801288604736328e-01
4.443404376506805420e-01
3.779605329036712646e-01
3.494768142700195312e-01
3.284878432750701904e-01
4.047888517379760742e-01
3.582361340522766113e-01
3.664545714855194092e-01
3.884758651256561279e-01
3.219685852527618408e-01
3.751256167888641357e-01
3.820321261882781982e-01
3.430793881416320801e-01
2.908337712287902832e-01
3.155892491340637207e-01
3.816394507884979248e-01
2.880437374114990234e-01
3.187395930290222168e-01
3.129917979240417480e-01
2.938014566898345947e-01
3.300268650054931641e-01
3.412246406078338623e-01
3.198522031307220459e-01
2.963007390499114990e-01
3.358846306800842285e-01
3.651814162731170654e-01
3.109222054481506348e-01
3.246960341930389404e-01
2.825089693069458008e-01
2.920828461647033691e-01
3.147481381893157959e-01
2.920864522457122803e-01
3.102902472019195557e-01
2.801201343536376953e-01
2.630882263183593750e-01
2.993795573711395264e-01
3.594738841056823730e-01
2.841722071170806885e-01
3.409056067466735840e-01
2.716884315013885498e-01
2.770657539367675781e-01
3.599000573158264160e-01
3.431280255317687988e-01
2.713542282581329346e-01
2.585502862930297852e-01
2.583024203777313232e-01
2.710460722446441650e-01
2.865884900093078613e-01
2.634134888648986816e-01
2.746156454086303711e-01
2.944740355014801025e-01
3.117725849151611328e-01
2.801432907581329346e-01
2.554320394992828369e-01
2.427797317504882812e-01
2.574376761913299561e-01
2.996396720409393311e-01
2.811472117900848389e-01
2.772571146488189697e-01
2.726608514785766602e-01
3.188843131065368652e-01
2.494548857212066650e-01
2.507467269897460938e-01
3.007413446903228760e-01
2.778236567974090576e-01
2.424568384885787964e-01
3.209862411022186279e-01
2.493707686662673950e-01
2.341520786285400391e-01
2.580927908420562744e-01
2.633936107158660889e-01
2.578391134738922119e-01
2.353448122739791870e-01
2.538334131240844727e-01
2.533916831016540527e-01
2.089471817016601562e-01
2.129275649785995483e-01
2.635535597801208496e-01
2.233594954013824463e-01
2.239226549863815308e-01
2.441364377737045288e-01
2.449129670858383179e-01
2.057775259017944336e-01
2.585022151470184326e-01
2.316108047962188721e-01
2.440007776021957397e-01
2.023416608572006226e-01
2.836550176143646240e-01
2.344985455274581909e-01
2.623357772827148438e-01
2.265469133853912354e-01
2.326405495405197144e-01
2.185805886983871460e-01
3.119301795959472656e-01
2.110746353864669800e-01
2.828204333782196045e-01
2.465202361345291138e-01
2.348911315202713013e-01
2.065185159444808960e-01
2.772317826747894287e-01
2.399825602769851685e-01
2.423204630613327026e-01
2.104240953922271729e-01
2.181696444749832153e-01
2.160197794437408447e-01
2.680012881755828857e-01
2.364535629749298096e-01
2.391719818115234375e-01
2.033947259187698364e-01
2.008104771375656128e-01
1.883306056261062622e-01
2.311313152313232422e-01
2.135027498006820679e-01
1.857353150844573975e-01
2.131591141223907471e-01
2.047029733657836914e-01
2.336536943912506104e-01
2.172940224409103394e-01
2.283034771680831909e-01
2.434852123260498047e-01
2.111664265394210815e-01
2.338987588882446289e-01
2.411052733659744263e-01
2.474465817213058472e-01
1.850706040859222412e-01
2.008945494890213013e-01
2.780405580997467041e-01
1.847755461931228638e-01
2.015956491231918335e-01
2.030461877584457397e-01
2.128256410360336304e-01
1.714724749326705933e-01
2.010449022054672241e-01
2.097562849521636963e-01
2.277895659208297729e-01
1.931759715080261230e-01
1.832183599472045898e-01
2.124546617269515991e-01
2.221543788909912109e-01
2.157963514328002930e-01
2.098996639251708984e-01
2.031599134206771851e-01
1.937565058469772339e-01
2.048186063766479492e-01
1.914449483156204224e-01
1.875402480363845825e-01
1.934104114770889282e-01
2.058122456073760986e-01
2.248246222734451294e-01
1.952546387910842896e-01
2.462891340255737305e-01
1.879209578037261963e-01
2.131711542606353760e-01
2.027689218521118164e-01
2.615237534046173096e-01
1.965357065200805664e-01
2.286645174026489258e-01
2.322318106889724731e-01
2.641825675964355469e-01
1.836849302053451538e-01
2.137270718812942505e-01
1.820186525583267212e-01
2.148063629865646362e-01
2.436074465513229370e-01
1.857716888189315796e-01
2.130960077047348022e-01
2.112243175506591797e-01
2.492745965719223022e-01
2.076859325170516968e-01
2.014926671981811523e-01
2.077648639678955078e-01
2.006177455186843872e-01
2.167724668979644775e-01
2.184138149023056030e-01
2.578842341899871826e-01
2.063021212816238403e-01
1.912780553102493286e-01
2.098690122365951538e-01
2.286411374807357788e-01
1.659312695264816284e-01
1.883974820375442505e-01
1.699112802743911743e-01
2.096735984086990356e-01
1.648011058568954468e-01
1.890881210565567017e-01
2.308547496795654297e-01
2.190954685211181641e-01
1.920924484729766846e-01
1.977119445800781250e-01
1.911547482013702393e-01
1.813715845346450806e-01
1.747419685125350952e-01
1.867801249027252197e-01
2.094344198703765869e-01
1.749671250581741333e-01
2.108713686466217041e-01
1.811030060052871704e-01
1.498131453990936279e-01
1.694512814283370972e-01
1.777164041996002197e-01
1.790957301855087280e-01
1.879854500293731689e-01
1.827836036682128906e-01
1.649030745029449463e-01
1.625892668962478638e-01
2.220630496740341187e-01
1.781381219625473022e-01
2.094303369522094727e-01
1.986231654882431030e-01
1.703651994466781616e-01
1.755456179380416870e-01
1.825674623250961304e-01
1.684310287237167358e-01
1.695435345172882080e-01
1.826217919588088989e-01
1.647362560033798218e-01
1.590330004692077637e-01
1.767768412828445435e-01
2.563825249671936035e-01
1.535066664218902588e-01
1.777453422546386719e-01
1.678139716386795044e-01
2.051534503698348999e-01
1.599187254905700684e-01
1.529888212680816650e-01
2.099607437849044800e-01
1.859170198440551758e-01
2.208768874406814575e-01
1.740572452545166016e-01
1.895142644643783569e-01
1.765955686569213867e-01
1.629224270582199097e-01
1.643177270889282227e-01
2.179245501756668091e-01
1.634006798267364502e-01
1.537462323904037476e-01
1.591202467679977417e-01
1.682240962982177734e-01
1.919398307800292969e-01
1.423540413379669189e-01
1.746500730514526367e-01
1.596918851137161255e-01
2.091309130191802979e-01
1.844373941421508789e-01
1.684284955263137817e-01
1.791711747646331787e-01
1.802375912666320801e-01
1.925965547561645508e-01
1.728660017251968384e-01
1.954804211854934692e-01
1.914113759994506836e-01
1.790269315242767334e-01
1.751021593809127808e-01
1.754031181335449219e-01
1.352922767400741577e-01
1.482485681772232056e-01
1.609945297241210938e-01
1.650543361902236938e-01
1.989234536886215210e-01
1.431796699762344360e-01
1.536485403776168823e-01
2.671117782592773438e-01
1.796451359987258911e-01
1.507592499256134033e-01
1.612223088741302490e-01
1.963165104389190674e-01
1.517736762762069702e-01
1.562157720327377319e-01
1.712444126605987549e-01
1.733235269784927368e-01
1.980519443750381470e-01
1.822873651981353760e-01
1.363209933042526245e-01
1.252972334623336792e-01
1.637540012598037720e-01
1.496735662221908569e-01
1.663765013217926025e-01
1.839156001806259155e-01
1.533128321170806885e-01
1.978478431701660156e-01
1.284351795911788940e-01
1.613817512989044189e-01
1.264315694570541382e-01
1.477132439613342285e-01
2.073594331741333008e-01
1.449427753686904907e-01
1.365638226270675659e-01
1.500528305768966675e-01
1.432755440473556519e-01
1.437394917011260986e-01
1.626559197902679443e-01
1.502429991960525513e-01
1.500271409749984741e-01
1.396504938602447510e-01
1.603176891803741455e-01
1.252665072679519653e-01
1.421323120594024658e-01
1.785716861486434937e-01
2.095304280519485474e-01
1.434991210699081421e-01
1.746755838394165039e-01
1.747528016567230225e-01
1.635277122259140015e-01
1.433220058679580688e-01
1.604612618684768677e-01
1.526102274656295776e-01
1.626607179641723633e-01
1.380233019590377808e-01
1.452955007553100586e-01
1.255771368741989136e-01
1.780442446470260620e-01
1.505890190601348877e-01
1.410969793796539307e-01
1.258185654878616333e-01
1.269757002592086792e-01
1.550807952880859375e-01
1.455561965703964233e-01
1.381378918886184692e-01
1.445756256580352783e-01
1.614725589752197266e-01
1.526303589344024658e-01
1.439897119998931885e-01
1.415191143751144409e-01
1.535864621400833130e-01
1.896929293870925903e-01
1.349831372499465942e-01
1.400252580642700195e-01
1.365794688463211060e-01
1.558657735586166382e-01
1.267622560262680054e-01
1.154922246932983398e-01
1.347228288650512695e-01
1.235789060592651367e-01
1.450818777084350586e-01
1.347565501928329468e-01
1.514143198728561401e-01
1.520068645477294922e-01
1.867347955703735352e-01
1.952574253082275391e-01
1.312287151813507080e-01
1.903187930583953857e-01
1.638872176408767700e-01
1.574689596891403198e-01
1.358366459608078003e-01
1.334408968687057495e-01
1.559728682041168213e-01
1.328424960374832153e-01
1.826892942190170288e-01
1.188081726431846619e-01
1.464747786521911621e-01
1.327691525220870972e-01
1.359591931104660034e-01
1.718618273735046387e-01
1.235702559351921082e-01
1.819725334644317627e-01
1.486276984214782715e-01
1.360272169113159180e-01
1.471640914678573608e-01
1.627527326345443726e-01
1.746963262557983398e-01
1.441330760717391968e-01
1.249871030449867249e-01
1.572077125310897827e-01
1.352702230215072632e-01
1.485133469104766846e-01
1.299943178892135620e-01
1.447884291410446167e-01
1.554297953844070435e-01
1.403507888317108154e-01
1.481347531080245972e-01
1.514641940593719482e-01
1.624140292406082153e-01
1.287305057048797607e-01
1.185902580618858337e-01
1.323637664318084717e-01
1.423044055700302124e-01
1.325768232345581055e-01
1.186080947518348694e-01
1.335523724555969238e-01
1.222840771079063416e-01
1.278259307146072388e-01
1.425632387399673462e-01
1.152012571692466736e-01
1.203006505966186523e-01
1.144770383834838867e-01
1.194234639406204224e-01
1.418932527303695679e-01
1.345941126346588135e-01
1.158711463212966919e-01
1.738861501216888428e-01
1.085069328546524048e-01
1.850190013647079468e-01
1.328832805156707764e-01
1.153178736567497253e-01
1.098397970199584961e-01
1.368473470211029053e-01
1.243926435708999634e-01
1.354032307863235474e-01
1.175529733300209045e-01
1.111207976937294006e-01
1.226674541831016541e-01
1.269754022359848022e-01
1.514028757810592651e-01
1.240951940417289734e-01
1.484502851963043213e-01
1.361725628376007080e-01
1.277452856302261353e-01
1.634691506624221802e-01
1.182273849844932556e-01
1.447665691375732422e-01
1.621333658695220947e-01
1.337812840938568115e-01
1.409694403409957886e-01
1.560880243778228760e-01
1.036004573106765747e-01
1.187995076179504395e-01
1.041479855775833130e-01
1.192256361246109009e-01
1.381002068519592285e-01
1.317193508148193359e-01
1.606249958276748657e-01
1.614262461662292480e-01
1.092150434851646423e-01
2.032881528139114380e-01
1.270147413015365601e-01
1.439235806465148926e-01
1.729311943054199219e-01
1.076442226767539978e-01
1.304148435592651367e-01
1.651238948106765747e-01
2.142605632543563843e-01
1.196533665060997009e-01
1.210516020655632019e-01
1.218165308237075806e-01
1.766058057546615601e-01
1.202982440590858459e-01
1.231859549880027771e-01
1.167431399226188660e-01
