6.780253052711486816e-01
6.960732340812683105e-01
6.868873834609985352e-01
6.737772226333618164e-01
6.301788091659545898e-01
6.355884671211242676e-01
6.272017359733581543e-01
6.253192424774169922e-01
6.298344731330871582e-01
6.165859699249267578e-01
6.172497272491455078e-01
6.142618656158447266e-01
6.170409917831420898e-01
5.901044607162475586e-01
6.031945943832397461e-01
6.057402491569519043e-01
5.789937376976013184e-01
5.754031538963317871e-01
5.653704404830932617e-01
5.750678777694702148e-01
5.634676814079284668e-01
5.588518977165222168e-01
5.731183886528015137e-01
5.620344281196594238e-01
5.714700818061828613e-01
5.870407223701477051e-01
5.478664636611938477e-01
5.493135452270507812e-01
5.756790041923522949e-01
5.541611909866333008e-01
5.404136180877685547e-01
5.470419526100158691e-01
5.405697226524353027e-01
5.065265893936157227e-01
5.264067053794860840e-01
5.366718173027038574e-01
5.177672505378723145e-01
5.260484218597412109e-01
5.399830341339111328e-01
5.286437273025512695e-01
5.321084856986999512e-01
4.943632185459136963e-01
4.935773909091949463e-01
5.092961192131042480e-01
5.047981739044189453e-01
4.922828674316406250e-01
5.063988566398620605e-01
5.006185770034790039e-01
5.109323263168334961e-01
5.007435083389282227e-01
4.776448905467987061e-01
5.197221040725708008e-01
4.787022769451141357e-01
4.929101467132568359e-01
4.918249547481536865e-01
4.706466197967529297e-01
5.112029910087585449e-01
4.738858342170715332e-01
4.880851805210113525e-01
4.692811071872711182e-01
4.644720256328582764e-01
4.651866853237152100e-01
4.565934240818023682e-01
4.575898349285125732e-01
4.725783467292785645e-01
4.813152849674224854e-01
4.632456004619598389e-01
4.480625689029693604e-01
4.767655432224273682e-01
4.632704854011535645e-01
4.674018323421478271e-01
4.550929665565490723e-01
4.576610624790191650e-01
4.445550143718719482e-01
4.348106980323791504e-01
4.388233721256256104e-01
4.305954575538635254e-01
4.706654548645019531e-01
4.626093804836273193e-01
4.590319693088531494e-01
4.726348519325256348e-01
4.531032741069793701e-01
4.452203214168548584e-01
4.371643066406250000e-01
4.165527820587158203e-01
4.321945309638977051e-01
4.633991420269012451e-01
4.203652441501617432e-01
4.326760470867156982e-01
4.037463665008544922e-01
4.065619111061096191e-01
4.402624666690826416e-01
4.353031218051910400e-01
4.297636449337005615e-01
3.926087319850921631e-01
4.149400889873504639e-01
4.317626953125000000e-01
4.500280022621154785e-01
4.272407591342926025e-01
4.327950477600097656e-01
4.426610171794891357e-01
4.224835336208343506e-01
4.493571221828460693e-01
4.420982301235198975e-01
4.079319536685943604e-01
4.346019923686981201e-01
4.317679107189178467e-01
4.276669621467590332e-01
4.337757229804992676e-01
4.248528182506561279e-01
4.235919117927551270e-01
4.137759208679199219e-01
4.087077081203460693e-01
3.977366387844085693e-01
3.825778961181640625e-01
4.041732251644134521e-01
3.914349973201751709e-01
4.061198234558105469e-01
3.821968734264373779e-01
4.267641007900238037e-01
3.665905296802520752e-01
3.973455429077148438e-01
3.993904292583465576e-01
3.889888226985931396e-01
4.293335080146789551e-01
3.691275417804718018e-01
3.810357749462127686e-01
4.174990653991699219e-01
3.606010675430297852e-01
4.050770401954650879e-01
4.087455272674560547e-01
3.969064652919769287e-01
3.885527551174163818e-01
4.070367515087127686e-01
3.978714942932128906e-01
4.060363769531250000e-01
4.244149327278137207e-01
3.858812749385833740e-01
3.633360862731933594e-01
3.808865547180175781e-01
3.822287619113922119e-01
3.696579635143280029e-01
4.028621613979339600e-01
4.046503603458404541e-01
3.896328508853912354e-01
3.605995476245880127e-01
3.831657469272613525e-01
3.822881877422332764e-01
3.588213920593261719e-01
3.763624727725982666e-01
3.826067149639129639e-01
4.023883342742919922e-01
3.814235627651214600e-01
4.327202439308166504e-01
3.697892129421234131e-01
3.879406154155731201e-01
4.083473384380340576e-01
3.863953351974487305e-01
3.854537606239318848e-01
3.991533815860748291e-01
3.879309892654418945e-01
3.708925843238830566e-01
4.011894166469573975e-01
3.866578638553619385e-01
3.663667440414428711e-01
3.684829175472259521e-01
3.784339725971221924e-01
3.978716433048248291e-01
3.680635392665863037e-01
3.879744410514831543e-01
3.878040611743927002e-01
3.714511096477508545e-01
3.986305296421051025e-01
4.079472124576568604e-01
3.684988617897033691e-01
4.053496420383453369e-01
3.674140572547912598e-01
3.762692213058471680e-01
3.911753594875335693e-01
3.624725639820098877e-01
3.746004104614257812e-01
3.342688381671905518e-01
3.928299546241760254e-01
3.973877429962158203e-01
3.735664784908294678e-01
3.721257150173187256e-01
3.512146174907684326e-01
3.885105550289154053e-01
3.553416430950164795e-01
3.866106569766998291e-01
3.774887025356292725e-01
4.092535674571990967e-01
3.662861287593841553e-01
3.573148846626281738e-01
3.899794816970825195e-01
3.831255435943603516e-01
4.000478684902191162e-01
3.942510783672332764e-01
3.409890234470367432e-01
3.767020702362060547e-01
3.782531023025512695e-01
3.333563506603240967e-01
3.687770366668701172e-01
3.707767426967620850e-01
3.763254582881927490e-01
3.740281760692596436e-01
3.573488593101501465e-01
3.803006410598754883e-01
3.275752365589141846e-01
3.799398541450500488e-01
3.623571395874023438e-01
3.621746003627777100e-01
3.812991082668304443e-01
4.062363207340240479e-01
4.063493907451629639e-01
3.658296763896942139e-01
3.637615144252777100e-01
3.401255309581756592e-01
3.741838932037353516e-01
3.749957084655761719e-01
3.914841115474700928e-01
3.488877713680267334e-01
3.571319282054901123e-01
3.249070346355438232e-01
3.698092103004455566e-01
3.517294824123382568e-01
3.515950143337249756e-01
3.934151232242584229e-01
3.289109766483306885e-01
3.717949092388153076e-01
3.596650660037994385e-01
3.689202368259429932e-01
3.612420260906219482e-01
3.435285985469818115e-01
3.730880320072174072e-01
4.059054553508758545e-01
3.787359595298767090e-01
4.229898452758789062e-01
3.456088006496429443e-01
3.296177685260772705e-01
3.516061007976531982e-01
3.303264081478118896e-01
3.880807757377624512e-01
3.600449264049530029e-01
3.541119694709777832e-01
3.763711452484130859e-01
3.970099091529846191e-01
3.015972077846527100e-01
3.473728001117706299e-01
3.521511256694793701e-01
3.741140067577362061e-01
3.687173128128051758e-01
3.905920386314392090e-01
3.726982176303863525e-01
3.162840902805328369e-01
3.519295752048492432e-01
3.605209290981292725e-01
3.316942453384399414e-01
3.342503607273101807e-01
3.308969438076019287e-01
3.882195651531219482e-01
3.670329153537750244e-01
3.471381664276123047e-01
3.680321872234344482e-01
3.677549958229064941e-01
3.678357601165771484e-01
3.775428235530853271e-01
3.185544312000274658e-01
3.292649686336517334e-01
3.282142579555511475e-01
3.678716719150543213e-01
3.370139896869659424e-01
3.480112850666046143e-01
3.731895387172698975e-01
3.355309665203094482e-01
3.140356242656707764e-01
3.432362079620361328e-01
3.824864923954010010e-01
3.407575190067291260e-01
3.961437642574310303e-01
3.345091938972473145e-01
3.578984439373016357e-01
3.509231209754943848e-01
3.853771388530731201e-01
3.495239913463592529e-01
3.227609097957611084e-01
3.555831909179687500e-01
3.434550464153289795e-01
3.862888514995574951e-01
3.366315960884094238e-01
3.596324920654296875e-01
3.600478768348693848e-01
3.749268949031829834e-01
3.465146720409393311e-01
3.225170075893402100e-01
3.423866927623748779e-01
3.080143630504608154e-01
3.665984570980072021e-01
3.504727780818939209e-01
3.495149314403533936e-01
3.285902738571166992e-01
3.065667748451232910e-01
3.778346776962280273e-01
3.705525100231170654e-01
3.422978222370147705e-01
3.764196932315826416e-01
3.021458089351654053e-01
3.558328151702880859e-01
3.522698581218719482e-01
3.473675251007080078e-01
3.542169630527496338e-01
3.370333313941955566e-01
3.324324488639831543e-01
3.203185498714447021e-01
3.311127126216888428e-01
3.426042497158050537e-01
3.437220752239227295e-01
3.405322432518005371e-01
3.620199859142303467e-01
3.503910899162292480e-01
3.328587710857391357e-01
3.252285420894622803e-01
3.195858597755432129e-01
3.613772094249725342e-01
3.310188651084899902e-01
3.154546618461608887e-01
3.341877162456512451e-01
3.390128314495086670e-01
3.608066737651824951e-01
3.494248986244201660e-01
3.072499632835388184e-01
3.272635340690612793e-01
3.294805586338043213e-01
3.263549506664276123e-01
3.192715346813201904e-01
3.330755829811096191e-01
3.613960444927215576e-01
3.866494596004486084e-01
3.504481911659240723e-01
3.587174117565155029e-01
3.995506763458251953e-01
3.544165790081024170e-01
3.191933333873748779e-01
3.479059636592864990e-01
3.489521443843841553e-01
3.339042365550994873e-01
2.957345545291900635e-01
3.734903335571289062e-01
3.588983118534088135e-01
3.542321026325225830e-01
3.616223931312561035e-01
3.443623185157775879e-01
3.164392411708831787e-01
3.462863862514495850e-01
3.280156552791595459e-01
3.370851576328277588e-01
3.237163722515106201e-01
3.121273517608642578e-01
3.526663184165954590e-01
3.806311190128326416e-01
3.765133917331695557e-01
3.398292660713195801e-01
3.200339972972869873e-01
3.335928022861480713e-01
3.175766468048095703e-01
3.464987576007843018e-01
3.539069592952728271e-01
3.765683472156524658e-01
3.372494876384735107e-01
3.442669510841369629e-01
3.284752666950225830e-01
3.081747591495513916e-01
3.632217347621917725e-01
3.071984946727752686e-01
3.231992721557617188e-01
3.755534887313842773e-01
3.325455188751220703e-01
3.463303446769714355e-01
3.224064409732818604e-01
3.586685657501220703e-01
3.123902380466461182e-01
3.529132902622222900e-01
3.257667422294616699e-01
3.045578896999359131e-01
3.363333344459533691e-01
3.120398521423339844e-01
3.495948314666748047e-01
3.349191844463348389e-01
3.396434485912322998e-01
3.593734502792358398e-01
3.242135643959045410e-01
3.190681934356689453e-01
3.242171406745910645e-01
3.730768859386444092e-01
3.289836943149566650e-01
3.305848836898803711e-01
3.697283864021301270e-01
3.321731984615325928e-01
3.714241683483123779e-01
3.129706382751464844e-01
3.124206066131591797e-01
2.928944528102874756e-01
3.104666769504547119e-01
3.536897599697113037e-01
2.826156616210937500e-01
3.246571719646453857e-01
3.268392086029052734e-01
3.133554160594940186e-01
3.103280961513519287e-01
3.196088969707489014e-01
3.581181764602661133e-01
2.898282110691070557e-01
3.127066195011138916e-01
3.615261614322662354e-01
3.499912023544311523e-01
3.666734397411346436e-01
3.359788954257965088e-01
2.816479504108428955e-01
3.193272650241851807e-01
3.573249280452728271e-01
3.478808701038360596e-01
3.327348232269287109e-01
3.624866604804992676e-01
2.734112739562988281e-01
3.692750930786132812e-01
2.887187898159027100e-01
4.423297941684722900e-01
3.453381359577178955e-01
3.167278170585632324e-01
3.392532765865325928e-01
3.243044614791870117e-01
2.987379133701324463e-01
2.784841060638427734e-01
2.814773023128509521e-01
3.085196614265441895e-01
3.128692209720611572e-01
3.162395954132080078e-01
3.005525469779968262e-01
3.228373527526855469e-01
3.392856419086456299e-01
3.064404129981994629e-01
3.183746039867401123e-01
3.126579225063323975e-01
3.594371676445007324e-01
2.831904590129852295e-01
3.075086772441864014e-01
2.745371460914611816e-01
3.268191218376159668e-01
2.971187531948089600e-01
3.153965771198272705e-01
3.253155350685119629e-01
3.113698661327362061e-01
3.442917764186859131e-01
3.383315801620483398e-01
3.375736176967620850e-01
3.467753827571868896e-01
3.388715386390686035e-01
3.365806043148040771e-01
3.750852644443511963e-01
3.195966780185699463e-01
3.549058139324188232e-01
3.072861135005950928e-01
3.115558028221130371e-01
2.753227651119232178e-01
3.357269763946533203e-01
2.863297760486602783e-01
2.929099202156066895e-01
3.486082255840301514e-01
3.465232551097869873e-01
3.019714653491973877e-01
3.030063807964324951e-01
3.170020282268524170e-01
3.101295232772827148e-01
3.270741105079650879e-01
3.141536712646484375e-01
3.293448984622955322e-01
3.121761381626129150e-01
2.906926572322845459e-01
3.510256111621856689e-01
3.088204860687255859e-01
3.480628430843353271e-01
2.851126194000244141e-01
3.253156244754791260e-01
3.174863457679748535e-01
2.969356775283813477e-01
3.297583758831024170e-01
3.273262083530426025e-01
3.350749611854553223e-01
3.816437423229217529e-01
2.899506986141204834e-01
3.399192988872528076e-01
3.121246993541717529e-01
2.782676517963409424e-01
3.582057356834411621e-01
3.035679161548614502e-01
2.658289968967437744e-01
3.340154290199279785e-01
3.196065127849578857e-01
2.947756052017211914e-01
3.320854306221008301e-01
2.951796054840087891e-01
2.937409877777099609e-01
3.058098852634429932e-01
2.791596353054046631e-01
3.200130164623260498e-01
2.800292968750000000e-01
2.913256585597991943e-01
3.395496308803558350e-01
3.304438591003417969e-01
2.862199842929840088e-01
3.242717385292053223e-01
3.274371922016143799e-01
3.306352794170379639e-01
2.954758107662200928e-01
3.300747573375701904e-01
3.651583790779113770e-01
3.267888128757476807e-01
3.672623634338378906e-01
2.638466060161590576e-01
3.245284259319305420e-01
3.270675837993621826e-01
3.119676113128662109e-01
3.048354089260101318e-01
3.313255310058593750e-01
3.023943603038787842e-01
3.460695743560791016e-01
3.389588296413421631e-01
3.412224650382995605e-01
3.103520870208740234e-01
3.298242092132568359e-01
3.236635327339172363e-01
3.195182979106903076e-01
2.926266491413116455e-01
2.935006022453308105e-01
2.834169566631317139e-01
2.941551804542541504e-01
2.962223887443542480e-01
3.674095571041107178e-01
2.981512248516082764e-01
3.530538678169250488e-01
2.899086475372314453e-01
3.280895948410034180e-01
2.935018539428710938e-01
3.145395219326019287e-01
3.526814579963684082e-01
3.561980128288269043e-01
3.352227210998535156e-01
2.913158833980560303e-01
2.867314517498016357e-01
3.280899524688720703e-01
3.388042449951171875e-01
2.996282279491424561e-01
2.764843404293060303e-01
3.237734436988830566e-01
2.935948371887207031e-01
3.293859958648681641e-01
3.343456387519836426e-01
3.608318269252777100e-01
3.046252727508544922e-01
3.119852840900421143e-01
2.583322227001190186e-01
3.014837205410003662e-01
3.050585687160491943e-01
2.892057001590728760e-01
3.249818384647369385e-01
2.878661155700683594e-01
3.021279573440551758e-01
3.233949244022369385e-01
3.237300515174865723e-01
3.372107744216918945e-01
3.146267533302307129e-01
3.290731012821197510e-01
2.876231074333190918e-01
3.413995504379272461e-01
2.936879992485046387e-01
3.080037236213684082e-01
3.515541553497314453e-01
2.876684963703155518e-01
3.033987581729888916e-01
2.814056873321533203e-01
3.016369044780731201e-01
2.996167838573455811e-01
2.677526175975799561e-01
3.472104072570800781e-01
3.600648343563079834e-01
3.643994033336639404e-01
2.735838294029235840e-01
3.051883280277252197e-01
3.117611110210418701e-01
2.473021000623703003e-01
2.962041795253753662e-01
3.451363742351531982e-01
2.850106358528137207e-01
3.244201242923736572e-01
3.084971606731414795e-01
2.888158261775970459e-01
2.852395176887512207e-01
3.538696765899658203e-01
3.041070401668548584e-01
3.100531995296478271e-01
3.319744765758514404e-01
2.675310075283050537e-01
3.273214995861053467e-01
2.874150574207305908e-01
3.195560872554779053e-01
2.911370396614074707e-01
3.008559644222259521e-01
2.882725894451141357e-01
3.198264539241790771e-01
3.359066545963287354e-01
3.117623627185821533e-01
3.088478744029998779e-01
2.959202826023101807e-01
3.267431259155273438e-01
2.823043763637542725e-01
3.089594841003417969e-01
3.352255523204803467e-01
2.915374934673309326e-01
3.104541599750518799e-01
2.788327336311340332e-01
3.071430623531341553e-01
3.012178838253021240e-01
3.225077092647552490e-01
2.805898785591125488e-01
3.475658595561981201e-01
3.154551684856414795e-01
2.918110489845275879e-01
3.429090678691864014e-01
3.130006492137908936e-01
2.686018645763397217e-01
2.842036187648773193e-01
2.869687974452972412e-01
3.764686286449432373e-01
2.903232276439666748e-01
3.091945350170135498e-01
3.088378012180328369e-01
2.640913724899291992e-01
3.469370007514953613e-01
3.165524899959564209e-01
3.016072809696197510e-01
2.957669794559478760e-01
2.599196434020996094e-01
2.977906167507171631e-01
3.096156716346740723e-01
2.828904092311859131e-01
3.492514789104461670e-01
3.253481090068817139e-01
2.791828811168670654e-01
3.210499882698059082e-01
2.637556791305541992e-01
3.000624179840087891e-01
3.109695911407470703e-01
3.065234422683715820e-01
3.385494053363800049e-01
2.924764156341552734e-01
2.988920509815216064e-01
2.994684875011444092e-01
2.748075723648071289e-01
2.910874485969543457e-01
2.905144691467285156e-01
3.157663345336914062e-01
2.916402816772460938e-01
3.006228506565093994e-01
3.100877702236175537e-01
3.242695033550262451e-01
2.765605449676513672e-01
3.516437113285064697e-01
3.008092343807220459e-01
3.072756826877593994e-01
3.211965560913085938e-01
2.810868918895721436e-01
2.834400236606597900e-01
2.963364124298095703e-01
3.370004594326019287e-01
2.849632799625396729e-01
2.787992954254150391e-01
2.726306021213531494e-01
3.131527602672576904e-01
2.782768309116363525e-01
3.192654550075531006e-01
3.292996287345886230e-01
3.357406556606292725e-01
3.275066316127777100e-01
2.738282382488250732e-01
3.158647119998931885e-01
3.637496531009674072e-01
3.669276237487792969e-01
2.788340747356414795e-01
2.900816500186920166e-01
3.343844115734100342e-01
2.874954640865325928e-01
3.523268699645996094e-01
3.125092983245849609e-01
2.772966921329498291e-01
3.032346963882446289e-01
3.115143477916717529e-01
2.661294043064117432e-01
3.046308457851409912e-01
2.384560555219650269e-01
2.575528025627136230e-01
2.895232141017913818e-01
2.779276967048645020e-01
2.779972255229949951e-01
3.478924930095672607e-01
2.884233891963958740e-01
3.254157006740570068e-01
3.078846335411071777e-01
3.102491497993469238e-01
3.309325873851776123e-01
3.215790390968322754e-01
2.748209238052368164e-01
3.082974255084991455e-01
2.885579168796539307e-01
2.851841449737548828e-01
3.099131584167480469e-01
2.735507190227508545e-01
3.595372140407562256e-01
3.139736056327819824e-01
2.910443246364593506e-01
3.175673782825469971e-01
2.996203005313873291e-01
3.289087712764739990e-01
2.644892632961273193e-01
3.060542345046997070e-01
3.054414391517639160e-01
3.067578673362731934e-01
3.474515974521636963e-01
3.130836486816406250e-01
2.747871279716491699e-01
2.943653762340545654e-01
2.943048477172851562e-01
2.864956557750701904e-01
3.352510035037994385e-01
2.703282237052917480e-01
3.107905983924865723e-01
3.024136722087860107e-01
2.869010865688323975e-01
2.933267354965209961e-01
3.153706490993499756e-01
2.720955610275268555e-01
2.707773745059967041e-01
3.112477958202362061e-01
3.157462775707244873e-01
2.914245128631591797e-01
3.650369346141815186e-01
2.824458777904510498e-01
3.641900122165679932e-01
3.652423322200775146e-01
2.817706763744354248e-01
3.285453319549560547e-01
2.992764115333557129e-01
3.029845356941223145e-01
3.226759135723114014e-01
3.094869554042816162e-01
2.764944732189178467e-01
2.937805652618408203e-01
2.786539196968078613e-01
3.421018123626708984e-01
2.410051375627517700e-01
3.037436604499816895e-01
3.104294836521148682e-01
2.932307720184326172e-01
2.860154211521148682e-01
3.185985088348388672e-01
3.133115470409393311e-01
3.026413917541503906e-01
3.296164274215698242e-01
2.953227162361145020e-01
2.945842742919921875e-01
3.178932368755340576e-01
2.841944098472595215e-01
2.924067080020904541e-01
2.839613556861877441e-01
3.039397299289703369e-01
3.062860071659088135e-01
3.542023301124572754e-01
3.152163028717041016e-01
2.867098748683929443e-01
3.418706655502319336e-01
2.673488557338714600e-01
2.851803004741668701e-01
3.415307402610778809e-01
2.850974500179290771e-01
2.512038648128509521e-01
2.999432981014251709e-01
3.002822995185852051e-01
2.778947055339813232e-01
2.772043943405151367e-01
3.142837285995483398e-01
2.751233875751495361e-01
2.664329707622528076e-01
2.840793728828430176e-01
3.368753194808959961e-01
2.805276811122894287e-01
3.318738937377929688e-01
2.611959576606750488e-01
2.633541822433471680e-01
2.872940003871917725e-01
3.224673569202423096e-01
2.712683081626892090e-01
2.917060554027557373e-01
2.764942944049835205e-01
2.750707864761352539e-01
2.983801364898681641e-01
2.955813407897949219e-01
3.210999667644500732e-01
2.801431119441986084e-01
2.808263003826141357e-01
2.807257175445556641e-01
3.176594674587249756e-01
3.169977366924285889e-01
2.708979249000549316e-01
3.111802041530609131e-01
3.175817430019378662e-01
2.850701510906219482e-01
2.953513860702514648e-01
2.797177731990814209e-01
3.005493581295013428e-01
2.678461670875549316e-01
2.665551602840423584e-01
2.906852662563323975e-01
3.153028488159179688e-01
2.874148786067962646e-01
2.624416947364807129e-01
3.117735981941223145e-01
3.124779462814331055e-01
2.598104774951934814e-01
3.042602241039276123e-01
2.861999869346618652e-01
2.767035663127899170e-01
2.968651950359344482e-01
3.272614181041717529e-01
3.203454017639160156e-01
2.795633971691131592e-01
2.956224977970123291e-01
2.755039632320404053e-01
3.043555915355682373e-01
2.750137448310852051e-01
3.062630593776702881e-01
2.536600530147552490e-01
2.463626861572265625e-01
3.158031702041625977e-01
2.858094274997711182e-01
3.062330782413482666e-01
3.537097573280334473e-01
2.570160329341888428e-01
3.073602020740509033e-01
2.580719590187072754e-01
3.179974853992462158e-01
2.932658195495605469e-01
3.322059214115142822e-01
2.496549636125564575e-01
2.838362455368041992e-01
3.451310098171234131e-01
2.987670004367828369e-01
2.606901824474334717e-01
2.945501506328582764e-01
2.532833218574523926e-01
3.307019174098968506e-01
2.502849996089935303e-01
2.701995670795440674e-01
2.529955506324768066e-01
2.731084823608398438e-01
2.921095788478851318e-01
3.198083341121673584e-01
2.687107622623443604e-01
2.933422029018402100e-01
2.634286582469940186e-01
2.433333247900009155e-01
3.318130671977996826e-01
3.656460940837860107e-01
2.578731179237365723e-01
2.873500585556030273e-01
2.726625502109527588e-01
3.243427574634552002e-01
3.004788458347320557e-01
2.840747535228729248e-01
3.032139837741851807e-01
3.139542639255523682e-01
3.212746977806091309e-01
2.803028523921966553e-01
2.851968109607696533e-01
3.004181385040283203e-01
2.949654757976531982e-01
2.995841205120086670e-01
2.823137342929840088e-01
3.154881000518798828e-01
2.838574051856994629e-01
3.042955100536346436e-01
2.843753993511199951e-01
2.521658837795257568e-01
3.001009225845336914e-01
2.899841964244842529e-01
3.044962882995605469e-01
3.104172050952911377e-01
2.540825307369232178e-01
3.322738707065582275e-01
2.930421829223632812e-01
2.707065641880035400e-01
2.648728191852569580e-01
3.073974251747131348e-01
2.876651883125305176e-01
3.175263702869415283e-01
3.359238803386688232e-01
2.702512443065643311e-01
2.462378591299057007e-01
2.725630402565002441e-01
2.846885621547698975e-01
2.926277816295623779e-01
2.732540965080261230e-01
2.417599707841873169e-01
2.609837651252746582e-01
3.082438707351684570e-01
3.044535815715789795e-01
3.060828745365142822e-01
2.688652575016021729e-01
2.812262475490570068e-01
2.662900388240814209e-01
2.592973411083221436e-01
2.624589502811431885e-01
2.721220850944519043e-01
2.701656222343444824e-01
3.112278878688812256e-01
2.569809257984161377e-01
3.230829238891601562e-01
2.854529917240142822e-01
2.496083229780197144e-01
2.814427316188812256e-01
2.764343023300170898e-01
3.027612864971160889e-01
3.708556592464447021e-01
2.773585915565490723e-01
2.801575958728790283e-01
2.801510095596313477e-01
2.865166366100311279e-01
2.862100005149841309e-01
2.674813270568847656e-01
2.599308192729949951e-01
2.795612514019012451e-01
2.682059705257415771e-01
2.767658233642578125e-01
2.654874324798583984e-01
2.436158955097198486e-01
3.054476380348205566e-01
2.707381248474121094e-01
3.772748410701751709e-01
2.794215381145477295e-01
3.065958917140960693e-01
2.819894254207611084e-01
3.120158910751342773e-01
2.775239944458007812e-01
2.545976340770721436e-01
3.074143826961517334e-01
3.284032940864562988e-01
2.764152586460113525e-01
3.078575134277343750e-01
2.877331674098968506e-01
2.537300288677215576e-01
3.416869640350341797e-01
2.811339795589447021e-01
2.872763574123382568e-01
2.767564058303833008e-01
3.176841437816619873e-01
2.524738013744354248e-01
2.923167049884796143e-01
3.367241919040679932e-01
3.290282785892486572e-01
3.316659629344940186e-01
3.008465468883514404e-01
2.796052694320678711e-01
2.853650748729705811e-01
2.868771255016326904e-01
2.643583416938781738e-01
2.974714934825897217e-01
3.075621128082275391e-01
2.812480628490447998e-01
3.074349462985992432e-01
2.790900170803070068e-01
3.189864754676818848e-01
2.701129615306854248e-01
2.819238901138305664e-01
3.275833427906036377e-01
2.663013339042663574e-01
2.377519160509109497e-01
3.114765286445617676e-01
2.702650725841522217e-01
2.783480882644653320e-01
2.627027928829193115e-01
3.400797247886657715e-01
3.099424540996551514e-01
2.377650588750839233e-01
2.534945011138916016e-01
2.854083776473999023e-01
3.284539878368377686e-01
3.092849254608154297e-01
2.747021317481994629e-01
2.957375049591064453e-01
3.013593852519989014e-01
2.343227118253707886e-01
3.449214398860931396e-01
3.335133790969848633e-01
2.691051065921783447e-01
2.742561399936676025e-01
2.732444107532501221e-01
2.772943973541259766e-01
2.454505413770675659e-01
2.956857383251190186e-01
2.578506469726562500e-01
2.728524208068847656e-01
2.669879496097564697e-01
2.811586856842041016e-01
2.899200022220611572e-01
2.958575785160064697e-01
2.957178652286529541e-01
2.797412276268005371e-01
3.155284821987152100e-01
2.491140663623809814e-01
2.924205064773559570e-01
2.693443298339843750e-01
2.962717115879058838e-01
2.806180417537689209e-01
2.650583386421203613e-01
2.988171279430389404e-01
2.580620944499969482e-01
3.420834243297576904e-01
3.054523468017578125e-01
2.973878681659698486e-01
3.013996779918670654e-01
3.603881895542144775e-01
2.546531260013580322e-01
2.702723145484924316e-01
2.724622189998626709e-01
3.289881944656372070e-01
2.714877724647521973e-01
3.056764602661132812e-01
2.547146379947662354e-01
2.492988854646682739e-01
2.537929713726043701e-01
2.524026036262512207e-01
2.981677353382110596e-01
2.727245688438415527e-01
2.468601763248443604e-01
2.566180527210235596e-01
2.845156192779541016e-01
2.561893165111541748e-01
2.769784033298492432e-01
2.447916567325592041e-01
2.976170480251312256e-01
2.477048933506011963e-01
3.225357532501220703e-01
2.658906877040863037e-01
3.333662748336791992e-01
2.926802635192871094e-01
2.286730259656906128e-01
2.920942008495330811e-01
2.945367395877838135e-01
3.172908723354339600e-01
2.699762880802154541e-01
2.974263131618499756e-01
2.396995276212692261e-01
2.821191251277923584e-01
2.538832128047943115e-01
2.843730151653289795e-01
3.194844722747802734e-01
2.709337174892425537e-01
2.686720192432403564e-01
2.982755601406097412e-01
3.052669763565063477e-01
2.995772063732147217e-01
2.969664037227630615e-01
2.416862100362777710e-01
3.759992122650146484e-01
2.669793069362640381e-01
2.789407372474670410e-01
2.423825263977050781e-01
2.460318654775619507e-01
2.900194823741912842e-01
2.687019705772399902e-01
2.558234632015228271e-01
2.605003118515014648e-01
3.113403618335723877e-01
2.305407524108886719e-01
2.748523056507110596e-01
3.121648430824279785e-01
2.427215129137039185e-01
2.651740014553070068e-01
2.922876775264739990e-01
3.380850255489349365e-01
3.097247183322906494e-01
2.869378626346588135e-01
2.923149168491363525e-01
2.720194458961486816e-01
3.084946870803833008e-01
2.771890461444854736e-01
2.651066482067108154e-01
2.941276729106903076e-01
2.837028205394744873e-01
3.238269984722137451e-01
2.891871631145477295e-01
2.632194161415100098e-01
2.768383622169494629e-01
2.807531952857971191e-01
2.797334194183349609e-01
2.546895444393157959e-01
2.705242335796356201e-01
3.278416097164154053e-01
3.160017430782318115e-01
2.903435528278350830e-01
3.215376436710357666e-01
2.827207446098327637e-01
2.822491824626922607e-01
2.970479130744934082e-01
2.729830145835876465e-01
2.573924362659454346e-01
2.728758752346038818e-01
3.119987249374389648e-01
2.646919786930084229e-01
2.458724975585937500e-01
2.740724086761474609e-01
2.746582329273223877e-01
2.383350878953933716e-01
2.983543276786804199e-01
2.844928503036499023e-01
2.427303791046142578e-01
2.508424520492553711e-01
2.582371830940246582e-01
3.175743818283081055e-01
2.682198584079742432e-01
2.453358471393585205e-01
2.452900856733322144e-01
2.789998948574066162e-01
2.583363056182861328e-01
3.024758398532867432e-01
2.843576967716217041e-01
2.755075693130493164e-01
2.769780457019805908e-01
2.768149971961975098e-01
3.356904089450836182e-01
2.457834333181381226e-01
2.508781552314758301e-01
2.668815851211547852e-01
2.822844684123992920e-01
3.638927936553955078e-01
2.863989770412445068e-01
3.391701579093933105e-01
2.578510940074920654e-01
2.908200323581695557e-01
2.640576064586639404e-01
3.119833171367645264e-01
2.628451883792877197e-01
2.610857486724853516e-01
3.242620229721069336e-01
2.742874324321746826e-01
4.272222518920898438e-01
2.995056211948394775e-01
3.327945172786712646e-01
2.860641181468963623e-01
2.683877646923065186e-01
2.595918774604797363e-01
2.770434916019439697e-01
2.559889853000640869e-01
2.715959250926971436e-01
2.782782018184661865e-01
2.679057121276855469e-01
2.882101535797119141e-01
2.204409390687942505e-01
2.874709665775299072e-01
2.712951302528381348e-01
2.642323672771453857e-01
2.743456065654754639e-01
2.994767129421234131e-01
2.616949677467346191e-01
2.576996982097625732e-01
2.542356252670288086e-01
2.507720887660980225e-01
2.799646258354187012e-01
2.712243199348449707e-01
2.864719033241271973e-01
2.722478508949279785e-01
2.564315497875213623e-01
3.112241625785827637e-01
2.229317277669906616e-01
2.337830513715744019e-01
2.521711289882659912e-01
2.819256186485290527e-01
2.684556543827056885e-01
2.996519207954406738e-01
2.967999279499053955e-01
3.352754414081573486e-01
2.648800909519195557e-01
2.843541502952575684e-01
2.553853094577789307e-01
2.842026650905609131e-01
2.547051906585693359e-01
2.968878448009490967e-01
2.914623916149139404e-01
2.340589314699172974e-01
2.955600917339324951e-01
2.693339288234710693e-01
2.816865146160125732e-01
2.795347571372985840e-01
2.582091987133026123e-01
2.924467027187347412e-01
2.686194479465484619e-01
2.581603229045867920e-01
3.488638103008270264e-01
2.863613069057464600e-01
2.515203654766082764e-01
2.347585260868072510e-01
2.945304214954376221e-01
3.152844011783599854e-01
2.819078862667083740e-01
2.532427012920379639e-01
2.719732820987701416e-01
2.891861498355865479e-01
2.840891778469085693e-01
2.589585483074188232e-01
3.139381706714630127e-01
2.913665473461151123e-01
2.923639416694641113e-01
2.294268459081649780e-01
2.860983312129974365e-01
2.538590431213378906e-01
2.555372416973114014e-01
3.241271078586578369e-01
2.921017110347747803e-01
3.149045705795288086e-01
2.393138855695724487e-01
2.827846705913543701e-01
2.986368238925933838e-01
2.395490705966949463e-01
2.647593021392822266e-01
2.677662372589111328e-01
2.574227750301361084e-01
2.653603255748748779e-01
3.110005855560302734e-01
2.623018026351928711e-01
2.413582354784011841e-01
2.838006913661956787e-01
2.857817113399505615e-01
3.201273083686828613e-01
2.745434045791625977e-01
2.634998857975006104e-01
2.870171666145324707e-01
3.035526275634765625e-01
2.704089581966400146e-01
2.597722113132476807e-01
2.791042923927307129e-01
2.471044808626174927e-01
3.202005922794342041e-01
2.764329314231872559e-01
2.535154819488525391e-01
3.251164853572845459e-01
2.718345820903778076e-01
2.668812274932861328e-01
2.658033370971679688e-01
2.693128287792205811e-01
2.410321682691574097e-01
2.450938224792480469e-01
2.555982768535614014e-01
2.652962803840637207e-01
2.406400740146636963e-01
2.861691117286682129e-01
2.540729045867919922e-01
2.694312036037445068e-01
2.508065998554229736e-01
2.522171139717102051e-01
3.161312043666839600e-01
2.620811462402343750e-01
2.521252632141113281e-01
2.855393886566162109e-01
2.424876242876052856e-01
3.236714899539947510e-01
2.854724526405334473e-01
2.644327282905578613e-01
2.885454595088958740e-01
2.974832057952880859e-01
2.774664759635925293e-01
3.569665849208831787e-01
2.771881520748138428e-01
2.748632729053497314e-01
2.771079242229461670e-01
2.535801529884338379e-01
2.664612233638763428e-01
2.943935096263885498e-01
2.453387826681137085e-01
2.633504867553710938e-01
2.818095386028289795e-01
2.634864449501037598e-01
2.942374646663665771e-01
2.641790807247161865e-01
3.041870594024658203e-01
2.829961776733398438e-01
2.824999094009399414e-01
2.736735343933105469e-01
2.842575013637542725e-01
2.280528843402862549e-01
2.625272870063781738e-01
2.745856642723083496e-01
2.401542216539382935e-01
3.152405023574829102e-01
2.842033505439758301e-01
2.352856248617172241e-01
2.966492772102355957e-01
2.503701448440551758e-01
2.657439410686492920e-01
2.976253926753997803e-01
3.129888474941253662e-01
2.435597032308578491e-01
2.623651921749114990e-01
2.634500563144683838e-01
2.594599425792694092e-01
2.608884274959564209e-01
2.702005505561828613e-01
2.816640436649322510e-01
2.709980309009552002e-01
2.355344146490097046e-01
2.202045023441314697e-01
2.668443322181701660e-01
3.120183646678924561e-01
3.447260558605194092e-01
2.541809082031250000e-01
2.678639590740203857e-01
2.710482180118560791e-01
2.908956706523895264e-01
2.745458185672760010e-01
2.499240189790725708e-01
2.432863712310791016e-01
2.802436053752899170e-01
3.031212091445922852e-01
2.318938076496124268e-01
2.153369486331939697e-01
3.142475783824920654e-01
2.397834509611129761e-01
3.054192066192626953e-01
3.177518844604492188e-01
2.729514241218566895e-01
2.697322964668273926e-01
2.908106744289398193e-01
2.860954403877258301e-01
2.537387013435363770e-01
2.963668406009674072e-01
2.719485163688659668e-01
3.733138144016265869e-01
2.742380201816558838e-01
2.618494927883148193e-01
2.783230841159820557e-01
2.809233367443084717e-01
2.456160336732864380e-01
2.500851750373840332e-01
2.371736019849777222e-01
2.588086724281311035e-01
2.595894336700439453e-01
2.701514661312103271e-01
2.923439443111419678e-01
2.734329700469970703e-01
2.671954333782196045e-01
2.668226361274719238e-01
2.847167849540710449e-01
2.577082216739654541e-01
3.020130097866058350e-01
2.737456858158111572e-01
3.101969063282012939e-01
2.452929764986038208e-01
2.542733848094940186e-01
2.538218200206756592e-01
3.000721931457519531e-01
2.826176583766937256e-01
2.813256084918975830e-01
2.496289759874343872e-01
2.900368571281433105e-01
2.531091272830963135e-01
2.615149617195129395e-01
3.214410245418548584e-01
2.410224676132202148e-01
3.260041177272796631e-01
2.841447889804840088e-01
3.063515126705169678e-01
2.837633788585662842e-01
2.723513245582580566e-01
2.692328393459320068e-01
2.683653831481933594e-01
2.655418515205383301e-01
2.646335065364837646e-01
2.600308656692504883e-01
2.640705704689025879e-01
2.934555411338806152e-01
2.652586400508880615e-01
2.303906530141830444e-01
2.560734748840332031e-01
2.442551702260971069e-01
2.548604011535644531e-01
2.907389104366302490e-01
2.290202379226684570e-01
2.614063322544097900e-01
2.441164106130599976e-01
3.397029936313629150e-01
3.098709881305694580e-01
3.115286231040954590e-01
2.695823013782501221e-01
2.716476023197174072e-01
2.688596248626708984e-01
2.497895956039428711e-01
2.332333326339721680e-01
2.536969184875488281e-01
2.395322322845458984e-01
2.472065538167953491e-01
2.529416084289550781e-01
2.421149462461471558e-01
2.414973229169845581e-01
2.546583116054534912e-01
2.976320087909698486e-01
3.038497269153594971e-01
2.653604149818420410e-01
2.638085186481475830e-01
2.914094924926757812e-01
2.852714955806732178e-01
2.817249000072479248e-01
3.055258393287658691e-01
2.525299489498138428e-01
2.400379627943038940e-01
3.160999417304992676e-01
3.167192637920379639e-01
2.271853983402252197e-01
2.786834239959716797e-01
2.878631651401519775e-01
2.610414922237396240e-01
2.874142825603485107e-01
3.065932393074035645e-01
2.695473730564117432e-01
2.661170661449432373e-01
3.118054568767547607e-01
2.644062936305999756e-01
3.089413344860076904e-01
2.737088203430175781e-01
2.698201239109039307e-01
2.295947521924972534e-01
2.389809191226959229e-01
2.544724047183990479e-01
2.870788276195526123e-01
2.325603216886520386e-01
3.127564787864685059e-01
2.352480888366699219e-01
2.750886082649230957e-01
2.962323725223541260e-01
2.665280103683471680e-01
2.765053808689117432e-01
2.485620081424713135e-01
2.361499071121215820e-01
2.694624364376068115e-01
2.786994278430938721e-01
2.776565551757812500e-01
2.902418076992034912e-01
2.557046115398406982e-01
2.176667749881744385e-01
3.263903260231018066e-01
3.174023628234863281e-01
2.441573143005371094e-01
2.555373907089233398e-01
3.444812297821044922e-01
2.710781693458557129e-01
2.874983251094818115e-01
2.583393752574920654e-01
2.502156496047973633e-01
2.517380714416503906e-01
2.803137004375457764e-01
2.507193088531494141e-01
2.830003499984741211e-01
3.151249885559082031e-01
2.562958598136901855e-01
2.496747523546218872e-01
2.899485528469085693e-01
2.733204364776611328e-01
2.440827339887619019e-01
2.632969021797180176e-01
2.432123422622680664e-01
2.954594790935516357e-01
2.717796862125396729e-01
2.131216526031494141e-01
2.266157120466232300e-01
3.136853873729705811e-01
2.843999564647674561e-01
2.839941978454589844e-01
2.723850309848785400e-01
2.572442591190338135e-01
2.452655583620071411e-01
3.494574725627899170e-01
2.769379615783691406e-01
2.665226161479949951e-01
2.646428048610687256e-01
2.420641481876373291e-01
2.730510830879211426e-01
2.835636138916015625e-01
2.436256408691406250e-01
2.269399166107177734e-01
2.669074237346649170e-01
2.615600228309631348e-01
2.268073558807373047e-01
2.768171429634094238e-01
2.441470474004745483e-01
3.067175447940826416e-01
2.883851528167724609e-01
2.733109593391418457e-01
2.518599033355712891e-01
3.116259276866912842e-01
2.161563932895660400e-01
2.101073712110519409e-01
2.112006247043609619e-01
2.897275090217590332e-01
2.354377359151840210e-01
2.318312376737594604e-01
2.475692480802536011e-01
2.432854920625686646e-01
2.243498414754867554e-01
2.885161936283111572e-01
2.646133899688720703e-01
2.702150046825408936e-01
2.496590167284011841e-01
3.183186948299407959e-01
2.538507878780364990e-01
2.491726428270339966e-01
3.009521663188934326e-01
2.768925130367279053e-01
2.771961390972137451e-01
2.378582209348678589e-01
2.638309001922607422e-01
3.480152189731597900e-01
2.789146900177001953e-01
2.101097106933593750e-01
3.045308291912078857e-01
2.889737784862518311e-01
3.045798242092132568e-01
2.341405153274536133e-01
3.116773664951324463e-01
3.221125006675720215e-01
2.525109946727752686e-01
2.452520877122879028e-01
2.682891786098480225e-01
2.881474494934082031e-01
2.545942366123199463e-01
2.573018074035644531e-01
2.478652745485305786e-01
2.342501878738403320e-01
2.489857971668243408e-01
2.505353391170501709e-01
3.008025586605072021e-01
3.436719775199890137e-01
2.822663486003875732e-01
2.566966712474822998e-01
2.743807733058929443e-01
2.704914212226867676e-01
2.279359847307205200e-01
2.364215850830078125e-01
2.476206272840499878e-01
2.218436002731323242e-01
2.749201953411102295e-01
2.318577766418457031e-01
2.249214649200439453e-01
2.346969693899154663e-01
2.749054133892059326e-01
2.680268287658691406e-01
2.879084944725036621e-01
2.767259180545806885e-01
2.423133403062820435e-01
2.730948925018310547e-01
2.483020275831222534e-01
2.567565143108367920e-01
2.853482663631439209e-01
2.954487502574920654e-01
2.518115639686584473e-01
2.888531088829040527e-01
2.613454759120941162e-01
2.772191464900970459e-01
2.487103193998336792e-01
2.441370487213134766e-01
2.210700511932373047e-01
2.376427203416824341e-01
2.338157445192337036e-01
3.032533228397369385e-01
2.947652935981750488e-01
2.480802088975906372e-01
2.633647322654724121e-01
2.259670495986938477e-01
2.396751642227172852e-01
2.724617421627044678e-01
2.867668569087982178e-01
2.666742801666259766e-01
2.295679152011871338e-01
2.752130627632141113e-01
2.743250429630279541e-01
2.465022802352905273e-01
2.302753776311874390e-01
2.389808744192123413e-01
2.542554736137390137e-01
2.383167296648025513e-01
2.389832586050033569e-01
2.033089697360992432e-01
2.765974104404449463e-01
2.769556045532226562e-01
2.593413889408111572e-01
