7.536660432815551758e-01
6.125300526618957520e-01
5.991344451904296875e-01
5.454506874084472656e-01
5.292288064956665039e-01
5.477480888366699219e-01
5.052031874656677246e-01
5.105664134025573730e-01
5.004219412803649902e-01
4.788820445537567139e-01
4.699818789958953857e-01
4.657799899578094482e-01
4.559464156627655029e-01
4.560831189155578613e-01
4.301686286926269531e-01
4.287412166595458984e-01
4.220603108406066895e-01
4.137324988842010498e-01
4.241612553596496582e-01
3.878177106380462646e-01
3.999595046043395996e-01
4.113946855068206787e-01
3.895278573036193848e-01
3.816321194171905518e-01
3.782876431941986084e-01
3.554587364196777344e-01
3.563097715377807617e-01
3.585192263126373291e-01
3.412663638591766357e-01
3.447743356227874756e-01
3.288210034370422363e-01
3.425806462764739990e-01
3.285429477691650391e-01
3.215432763099670410e-01
3.378261029720306396e-01
3.290956914424896240e-01
2.983197271823883057e-01
2.976045310497283936e-01
3.127791881561279297e-01
3.187583088874816895e-01
3.233287036418914795e-01
2.981527745723724365e-01
2.914677560329437256e-01
3.023784756660461426e-01
2.806845307350158691e-01
2.822909653186798096e-01
3.104180395603179932e-01
2.875044047832489014e-01
2.825343310832977295e-01
3.124499917030334473e-01
2.918686866760253906e-01
2.663019597530364990e-01
2.485440522432327271e-01
2.694231271743774414e-01
2.686441838741302490e-01
2.835658192634582520e-01
2.720038294792175293e-01
2.627030014991760254e-01
2.625925242900848389e-01
2.959934473037719727e-01
2.554076313972473145e-01
2.586562335491180420e-01
2.392013072967529297e-01
2.488037198781967163e-01
2.236546128988265991e-01
2.324625104665756226e-01
2.352658063173294067e-01
2.546800076961517334e-01
2.240232676267623901e-01
2.245060503482818604e-01
2.213189154863357544e-01
2.480895072221755981e-01
2.304479628801345825e-01
2.598519027233123779e-01
1.924908012151718140e-01
2.269350588321685791e-01
2.367778122425079346e-01
2.086566537618637085e-01
2.293601334095001221e-01
1.941238045692443848e-01
1.990239918231964111e-01
2.050220072269439697e-01
2.239309549331665039e-01
1.966117471456527710e-01
2.115350216627120972e-01
1.857742965221405029e-01
2.053781002759933472e-01
2.052452117204666138e-01
1.997433453798294067e-01
2.040573656558990479e-01
2.062083333730697632e-01
1.869744360446929932e-01
1.899341195821762085e-01
1.857943832874298096e-01
2.033320516347885132e-01
2.277610152959823608e-01
1.967372447252273560e-01
2.056584209203720093e-01
2.068552970886230469e-01
1.889384984970092773e-01
1.844567954540252686e-01
1.939607113599777222e-01
1.860492378473281860e-01
2.331451028585433960e-01
1.648068577051162720e-01
1.930655986070632935e-01
2.173670977354049683e-01
1.898328661918640137e-01
1.902972310781478882e-01
1.613730639219284058e-01
1.982097923755645752e-01
1.839821189641952515e-01
1.780699938535690308e-01
1.711768209934234619e-01
1.737841963768005371e-01
1.846906393766403198e-01
1.668564379215240479e-01
1.898993700742721558e-01
1.593974977731704712e-01
1.656954288482666016e-01
1.670450419187545776e-01
1.490687429904937744e-01
1.647680848836898804e-01
1.905927658081054688e-01
1.718332916498184204e-01
1.729217767715454102e-01
1.808123439550399780e-01
1.571526378393173218e-01
1.754120141267776489e-01
1.576872766017913818e-01
1.959676742553710938e-01
2.273113578557968140e-01
1.409192979335784912e-01
1.407079100608825684e-01
1.493050903081893921e-01
1.913160085678100586e-01
1.676113903522491455e-01
1.794937849044799805e-01
1.461656540632247925e-01
2.125823348760604858e-01
1.431717574596405029e-01
1.582081764936447144e-01
1.476788222789764404e-01
1.857955902814865112e-01
1.551759541034698486e-01
1.930376291275024414e-01
1.859088987112045288e-01
1.747388094663619995e-01
1.559953242540359497e-01
1.464796811342239380e-01
2.040492147207260132e-01
1.742731034755706787e-01
1.584782302379608154e-01
1.650680452585220337e-01
1.395717859268188477e-01
1.454678028821945190e-01
1.579626649618148804e-01
1.641115248203277588e-01
1.410339027643203735e-01
1.670225411653518677e-01
1.478858441114425659e-01
1.434634774923324585e-01
1.457480043172836304e-01
1.323339492082595825e-01
1.308524608612060547e-01
1.482758373022079468e-01
1.440727561712265015e-01
1.227145344018936157e-01
1.473191082477569580e-01
1.526320427656173706e-01
1.192514672875404358e-01
1.607598066329956055e-01
1.633221358060836792e-01
1.157799735665321350e-01
1.889350861310958862e-01
1.348875313997268677e-01
1.224632188677787781e-01
1.665238589048385620e-01
1.371235400438308716e-01
1.385601013898849487e-01
1.181659102439880371e-01
1.342460960149765015e-01
1.170270666480064392e-01
1.260768324136734009e-01
1.255504488945007324e-01
1.305267661809921265e-01
1.871053278446197510e-01
1.370124816894531250e-01
1.615196913480758667e-01
1.305605620145797729e-01
1.546177119016647339e-01
1.414529830217361450e-01
1.378350108861923218e-01
1.191172823309898376e-01
1.683734953403472900e-01
1.567276567220687866e-01
1.273730993270874023e-01
1.721760928630828857e-01
1.301306933164596558e-01
1.203815937042236328e-01
1.147695556282997131e-01
1.514831930398941040e-01
1.871751099824905396e-01
1.437978148460388184e-01
1.372545212507247925e-01
1.311562657356262207e-01
1.152706369757652283e-01
1.350462287664413452e-01
1.264128983020782471e-01
1.489624977111816406e-01
1.453475952148437500e-01
1.184956654906272888e-01
1.698504537343978882e-01
1.420365571975708008e-01
1.299524307250976562e-01
1.280764937400817871e-01
1.098373755812644958e-01
1.136928126215934753e-01
1.749632805585861206e-01
1.353352516889572144e-01
1.043759360909461975e-01
1.247136592864990234e-01
1.231160908937454224e-01
1.303119659423828125e-01
1.079471856355667114e-01
1.584886759519577026e-01
1.182994619011878967e-01
9.398885816335678101e-02
1.065621152520179749e-01
1.195362806320190430e-01
1.168062463402748108e-01
1.218307241797447205e-01
1.220278963446617126e-01
1.331746876239776611e-01
9.498041123151779175e-02
1.334392577409744263e-01
1.176587343215942383e-01
1.463169306516647339e-01
1.182000190019607544e-01
1.162592023611068726e-01
1.042850762605667114e-01
1.220904141664505005e-01
1.160103306174278259e-01
1.160137206315994263e-01
1.184675320982933044e-01
9.031134843826293945e-02
1.075631007552146912e-01
1.177339926362037659e-01
1.089449450373649597e-01
1.282587498426437378e-01
1.118911057710647583e-01
1.060573011636734009e-01
1.226939707994461060e-01
1.218770891427993774e-01
1.157134100794792175e-01
1.151740327477455139e-01
1.229455694556236267e-01
1.358471959829330444e-01
1.031449213624000549e-01
1.055173426866531372e-01
1.124790906906127930e-01
1.087176799774169922e-01
9.213632345199584961e-02
1.545056253671646118e-01
9.377678483724594116e-02
1.024173647165298462e-01
1.127287670969963074e-01
1.300558447837829590e-01
1.093604788184165955e-01
9.154646843671798706e-02
1.360969394445419312e-01
1.302424669265747070e-01
8.831704407930374146e-02
1.213348433375358582e-01
9.889593720436096191e-02
1.558179110288619995e-01
1.133418604731559753e-01
1.215140372514724731e-01
1.069378182291984558e-01
1.123485341668128967e-01
1.078982576727867126e-01
8.839835971593856812e-02
1.023858338594436646e-01
1.421530693769454956e-01
9.506649523973464966e-02
9.831267595291137695e-02
1.308199465274810791e-01
1.016613990068435669e-01
9.734052419662475586e-02
1.097551956772804260e-01
1.128593012690544128e-01
9.878882020711898804e-02
1.560620367527008057e-01
1.500511616468429565e-01
1.791369020938873291e-01
1.089357510209083557e-01
1.067672148346900940e-01
1.150609478354454041e-01
1.111584678292274475e-01
7.743918895721435547e-02
1.192314848303794861e-01
8.650401979684829712e-02
1.329080760478973389e-01
9.997554123401641846e-02
9.831480681896209717e-02
1.017756462097167969e-01
7.652767002582550049e-02
1.561260670423507690e-01
1.134911105036735535e-01
9.481284767389297485e-02
9.567188471555709839e-02
9.462811797857284546e-02
9.421653300523757935e-02
1.000458225607872009e-01
9.874748438596725464e-02
8.712187409400939941e-02
1.246953010559082031e-01
1.048683077096939087e-01
8.154725283384323120e-02
1.158732324838638306e-01
7.843486219644546509e-02
1.026268750429153442e-01
1.127658858895301819e-01
1.131482645869255066e-01
8.657921850681304932e-02
8.705669641494750977e-02
7.638871669769287109e-02
1.129406243562698364e-01
7.838960736989974976e-02
1.119400411844253540e-01
1.673154532909393311e-01
1.168920323252677917e-01
1.546713113784790039e-01
1.239485293626785278e-01
1.173036918044090271e-01
1.075331941246986389e-01
9.672924876213073730e-02
8.798263221979141235e-02
1.346039175987243652e-01
1.102052554488182068e-01
1.022276431322097778e-01
1.183499917387962341e-01
9.091784805059432983e-02
8.123996108770370483e-02
9.953773021697998047e-02
7.826035469770431519e-02
1.043463721871376038e-01
6.676057726144790649e-02
1.058739796280860901e-01
1.001544147729873657e-01
8.933269232511520386e-02
1.126103177666664124e-01
7.106550782918930054e-02
9.238164871931076050e-02
8.061888068914413452e-02
1.111189126968383789e-01
1.084017977118492126e-01
1.152723953127861023e-01
1.357286721467971802e-01
1.211139708757400513e-01
7.974672317504882812e-02
7.990314811468124390e-02
8.035591989755630493e-02
1.114374175667762756e-01
7.211045175790786743e-02
8.256819099187850952e-02
8.503717184066772461e-02
9.908839315176010132e-02
1.009323000907897949e-01
7.404199987649917603e-02
9.224193543195724487e-02
9.885459393262863159e-02
7.965954393148422241e-02
1.172959357500076294e-01
9.077892452478408813e-02
1.037391424179077148e-01
9.291585534811019897e-02
9.733549505472183228e-02
9.192405641078948975e-02
1.046162620186805725e-01
1.642668247222900391e-01
7.593917846679687500e-02
7.951584458351135254e-02
8.843459933996200562e-02
1.059238091111183167e-01
8.079379796981811523e-02
1.059744879603385925e-01
7.186465710401535034e-02
1.348652839660644531e-01
9.613006561994552612e-02
1.121793314814567566e-01
1.014093756675720215e-01
8.305276930332183838e-02
9.844364225864410400e-02
1.030553802847862244e-01
1.289352625608444214e-01
7.238024473190307617e-02
1.050491258502006531e-01
8.107902109622955322e-02
1.249467134475708008e-01
7.080620527267456055e-02
1.017195507884025574e-01
8.196208626031875610e-02
1.034240350127220154e-01
8.665889501571655273e-02
8.628856390714645386e-02
9.793450683355331421e-02
8.342013508081436157e-02
1.024232283234596252e-01
1.355016827583312988e-01
8.648116886615753174e-02
6.771271675825119019e-02
1.104063540697097778e-01
1.051377281546592712e-01
1.172853931784629822e-01
8.133281767368316650e-02
7.699002325534820557e-02
1.141522899270057678e-01
7.829895615577697754e-02
9.891145676374435425e-02
6.474373489618301392e-02
1.073983237147331238e-01
6.813905388116836548e-02
9.338425099849700928e-02
8.855120837688446045e-02
7.254222780466079712e-02
9.071297943592071533e-02
8.044683933258056641e-02
9.186486154794692993e-02
1.012231335043907166e-01
8.248356729745864868e-02
7.597767561674118042e-02
8.897502720355987549e-02
8.023349195718765259e-02
9.999916702508926392e-02
8.733683824539184570e-02
1.018942371010780334e-01
7.358422875404357910e-02
7.105481624603271484e-02
7.072931528091430664e-02
6.677448749542236328e-02
9.422261267900466919e-02
9.126463532447814941e-02
1.418210864067077637e-01
8.244715631008148193e-02
7.543005794286727905e-02
8.763641864061355591e-02
6.848298758268356323e-02
1.582322716712951660e-01
6.164317205548286438e-02
1.736465692520141602e-01
7.787749171257019043e-02
8.236415684223175049e-02
7.836011797189712524e-02
8.826308697462081909e-02
1.048866510391235352e-01
1.358308345079421997e-01
7.366631925106048584e-02
1.001432761549949646e-01
7.111311703920364380e-02
7.772012799978256226e-02
8.647053688764572144e-02
8.682683855295181274e-02
1.160380020737648010e-01
7.822337001562118530e-02
9.452939778566360474e-02
6.342282146215438843e-02
9.800999611616134644e-02
8.355761319398880005e-02
9.044872969388961792e-02
8.708278089761734009e-02
6.985980272293090820e-02
6.998318433761596680e-02
7.504931837320327759e-02
9.754175692796707153e-02
6.223300844430923462e-02
1.132393628358840942e-01
1.029890552163124084e-01
8.602151274681091309e-02
6.808045506477355957e-02
1.169695183634757996e-01
6.994010508060455322e-02
8.737867325544357300e-02
5.947396904230117798e-02
8.052992820739746094e-02
7.423873245716094971e-02
8.546639233827590942e-02
6.779157370328903198e-02
1.274252384901046753e-01
6.219520047307014465e-02
7.333163172006607056e-02
1.154565587639808655e-01
7.957952469587326050e-02
7.371109724044799805e-02
6.912023574113845825e-02
7.308802008628845215e-02
1.578491777181625366e-01
7.743107527494430542e-02
9.555887430906295776e-02
7.227468490600585938e-02
8.169946819543838501e-02
7.990135997533798218e-02
9.233814477920532227e-02
7.264196872711181641e-02
7.159890234470367432e-02
9.769307076930999756e-02
5.819490179419517517e-02
1.030266508460044861e-01
7.941295951604843140e-02
7.735910266637802124e-02
6.694086641073226929e-02
8.687317371368408203e-02
6.377983838319778442e-02
8.058183640241622925e-02
8.302263170480728149e-02
6.659253686666488647e-02
8.101873844861984253e-02
7.224767655134201050e-02
1.037940531969070435e-01
1.127870008349418640e-01
7.539710402488708496e-02
6.131831556558609009e-02
8.637230843305587769e-02
6.931710243225097656e-02
8.605603128671646118e-02
6.582517921924591064e-02
1.161203384399414062e-01
6.337066739797592163e-02
6.538019329309463501e-02
5.946854501962661743e-02
9.169273823499679565e-02
8.857710659503936768e-02
7.303249835968017578e-02
8.718385547399520874e-02
7.805388420820236206e-02
6.722556799650192261e-02
9.108506888151168823e-02
8.215139061212539673e-02
1.147278770804405212e-01
9.173424541950225830e-02
7.515482604503631592e-02
8.360458165407180786e-02
6.370773166418075562e-02
6.950341165065765381e-02
1.040790826082229614e-01
7.138004153966903687e-02
7.900094240903854370e-02
8.461135625839233398e-02
6.589641422033309937e-02
6.922347098588943481e-02
1.138893738389015198e-01
7.189684361219406128e-02
8.560209721326828003e-02
1.017932668328285217e-01
7.348843663930892944e-02
8.243421465158462524e-02
6.383502483367919922e-02
1.022500768303871155e-01
9.684229642152786255e-02
9.414095431566238403e-02
5.873065814375877380e-02
6.888883560895919800e-02
6.507416814565658569e-02
7.176344841718673706e-02
7.442205399274826050e-02
5.604701116681098938e-02
6.854875385761260986e-02
6.274857372045516968e-02
6.447573751211166382e-02
7.856675237417221069e-02
6.150645017623901367e-02
6.476099789142608643e-02
7.977736741304397583e-02
7.659234106540679932e-02
8.156217634677886963e-02
7.816072553396224976e-02
5.864794924855232239e-02
7.200201600790023804e-02
8.308368921279907227e-02
1.056767925620079041e-01
7.525040954351425171e-02
1.109408885240554810e-01
7.967265695333480835e-02
4.963073879480361938e-02
6.276092678308486938e-02
7.597220689058303833e-02
8.223346620798110962e-02
8.573133498430252075e-02
8.546709269285202026e-02
8.259407430887222290e-02
8.487918972969055176e-02
6.695126742124557495e-02
6.469526141881942749e-02
5.568852648138999939e-02
7.920638471841812134e-02
5.180452391505241394e-02
8.515000343322753906e-02
8.842927217483520508e-02
6.706853955984115601e-02
7.503532618284225464e-02
5.801739916205406189e-02
1.226900741457939148e-01
6.468349695205688477e-02
8.701152354478836060e-02
5.960274860262870789e-02
6.370868533849716187e-02
7.426311820745468140e-02
7.006280869245529175e-02
7.885687798261642456e-02
6.902239471673965454e-02
5.916654691100120544e-02
1.097411066293716431e-01
7.815765589475631714e-02
6.680782884359359741e-02
9.575845301151275635e-02
6.226929649710655212e-02
1.037301346659660339e-01
6.466876715421676636e-02
6.275767087936401367e-02
7.898855954408645630e-02
1.276874691247940063e-01
1.002236530184745789e-01
8.798282593488693237e-02
1.075829267501831055e-01
6.990806013345718384e-02
9.656394273042678833e-02
1.221599504351615906e-01
7.669999450445175171e-02
7.087528705596923828e-02
5.320908501744270325e-02
6.706798076629638672e-02
5.761671811342239380e-02
7.333239167928695679e-02
6.135761365294456482e-02
7.522352784872055054e-02
7.086995244026184082e-02
9.059397876262664795e-02
7.516528666019439697e-02
6.646453589200973511e-02
1.029989868402481079e-01
7.956323027610778809e-02
5.988441780209541321e-02
6.245353445410728455e-02
8.199562132358551025e-02
7.411938160657882690e-02
7.308180630207061768e-02
7.383845001459121704e-02
6.998218595981597900e-02
7.707212865352630615e-02
5.818055942654609680e-02
7.883441448211669922e-02
5.466901138424873352e-02
5.654487758874893188e-02
6.798131763935089111e-02
6.019119173288345337e-02
8.100524544715881348e-02
6.161061674356460571e-02
8.708266168832778931e-02
6.053809076547622681e-02
8.650775998830795288e-02
6.875415891408920288e-02
5.386468768119812012e-02
5.803097039461135864e-02
8.397757261991500854e-02
5.490303784608840942e-02
4.638893902301788330e-02
5.806780979037284851e-02
5.919327959418296814e-02
8.379507064819335938e-02
8.905688673257827759e-02
7.918997853994369507e-02
7.492693513631820679e-02
6.997209042310714722e-02
7.368180900812149048e-02
1.088909879326820374e-01
1.004052758216857910e-01
6.970015168190002441e-02
6.873462349176406860e-02
7.419304549694061279e-02
7.033765316009521484e-02
5.517868325114250183e-02
7.775443047285079956e-02
1.032435521483421326e-01
6.824183464050292969e-02
9.637582302093505859e-02
4.881222918629646301e-02
7.670664042234420776e-02
7.660039514303207397e-02
6.590387970209121704e-02
8.262795209884643555e-02
6.469877064228057861e-02
7.206308841705322266e-02
7.108616083860397339e-02
7.795719802379608154e-02
5.286718532443046570e-02
6.812943518161773682e-02
1.088028475642204285e-01
7.038263231515884399e-02
5.991941317915916443e-02
6.643294543027877808e-02
6.864351034164428711e-02
5.547828227281570435e-02
7.141412794589996338e-02
7.683875411748886108e-02
8.750916272401809692e-02
6.598392874002456665e-02
8.752036839723587036e-02
5.556046962738037109e-02
5.798579379916191101e-02
6.619980186223983765e-02
1.119749695062637329e-01
6.523492187261581421e-02
5.897374078631401062e-02
6.846893578767776489e-02
6.409349292516708374e-02
7.437192648649215698e-02
5.440970882773399353e-02
1.017144247889518738e-01
6.765603274106979370e-02
5.266207084059715271e-02
7.338207960128784180e-02
7.600634545087814331e-02
7.405316084623336792e-02
7.286243885755538940e-02
5.662851408123970032e-02
9.450062364339828491e-02
5.576256662607192993e-02
1.071219220757484436e-01
5.385432392358779907e-02
6.988983601331710815e-02
6.428346782922744751e-02
8.445473760366439819e-02
1.396564543247222900e-01
7.702624052762985229e-02
6.654455512762069702e-02
6.641314923763275146e-02
6.343680620193481445e-02
5.779853090643882751e-02
6.535637378692626953e-02
6.461623311042785645e-02
6.362580507993698120e-02
6.263643503189086914e-02
8.600667119026184082e-02
7.200669497251510620e-02
6.047877669334411621e-02
7.722666114568710327e-02
8.103726804256439209e-02
6.894966959953308105e-02
6.912349909543991089e-02
6.723695248365402222e-02
8.519620448350906372e-02
6.843220442533493042e-02
7.590848952531814575e-02
6.550233811140060425e-02
6.695978343486785889e-02
9.154365211725234985e-02
5.605844780802726746e-02
7.602597773075103760e-02
8.531921356916427612e-02
5.490006133913993835e-02
1.205027699470520020e-01
1.226858869194984436e-01
7.574245333671569824e-02
6.141505390405654907e-02
7.392328232526779175e-02
7.241453975439071655e-02
5.551204830408096313e-02
6.442896276712417603e-02
7.438321411609649658e-02
6.667687743902206421e-02
6.942255795001983643e-02
6.795816868543624878e-02
6.073194742202758789e-02
7.374756038188934326e-02
6.163815408945083618e-02
6.293493509292602539e-02
6.467981636524200439e-02
6.739763170480728149e-02
4.872503131628036499e-02
7.670757919549942017e-02
7.544063776731491089e-02
7.385476678609848022e-02
6.645051389932632446e-02
5.308157205581665039e-02
6.899601221084594727e-02
7.589523494243621826e-02
5.276232957839965820e-02
6.984585523605346680e-02
8.207319676876068115e-02
7.092615216970443726e-02
6.745079904794692993e-02
7.101397961378097534e-02
6.497157365083694458e-02
6.327658146619796753e-02
6.049425154924392700e-02
5.564777180552482605e-02
5.513809248805046082e-02
6.750459969043731689e-02
5.332077667117118835e-02
6.099143251776695251e-02
4.944114014506340027e-02
6.451089680194854736e-02
5.652041360735893250e-02
5.799912288784980774e-02
6.837478280067443848e-02
7.378017902374267578e-02
6.825094670057296753e-02
4.881730303168296814e-02
7.458453625440597534e-02
5.904653668403625488e-02
5.827896669507026672e-02
5.677764490246772766e-02
4.913466423749923706e-02
4.434984549880027771e-02
8.051555603742599487e-02
9.554579108953475952e-02
5.380330234766006470e-02
5.074211955070495605e-02
4.979749023914337158e-02
5.571148544549942017e-02
5.745697021484375000e-02
8.557995408773422241e-02
8.222096413373947144e-02
7.543083280324935913e-02
5.970280990004539490e-02
5.219909176230430603e-02
8.019661903381347656e-02
7.173964381217956543e-02
1.124579459428787231e-01
5.697195604443550110e-02
6.727917492389678955e-02
6.606566160917282104e-02
8.937720209360122681e-02
5.334214121103286743e-02
7.005275785923004150e-02
7.092097401618957520e-02
6.804578751325607300e-02
7.143327593803405762e-02
6.095626577734947205e-02
5.636429786682128906e-02
5.456020310521125793e-02
5.845956876873970032e-02
7.459095865488052368e-02
5.006473138928413391e-02
4.379507899284362793e-02
6.953348219394683838e-02
6.938208639621734619e-02
4.319705069065093994e-02
5.979192256927490234e-02
6.346016377210617065e-02
6.927732378244400024e-02
5.646215751767158508e-02
6.415597349405288696e-02
6.265466660261154175e-02
6.494370847940444946e-02
5.448725447058677673e-02
6.175311282277107239e-02
4.725541919469833374e-02
6.512508541345596313e-02
9.265025705099105835e-02
4.604897648096084595e-02
5.516244098544120789e-02
6.236752495169639587e-02
6.449610739946365356e-02
5.448392778635025024e-02
6.539167463779449463e-02
6.073914840817451477e-02
5.366554856300354004e-02
5.931967124342918396e-02
5.938528850674629211e-02
5.791808292269706726e-02
5.228525400161743164e-02
5.601097270846366882e-02
5.819619819521903992e-02
5.912292748689651489e-02
9.823960065841674805e-02
5.423550680279731750e-02
5.295365676283836365e-02
6.265924125909805298e-02
8.849297463893890381e-02
7.665120810270309448e-02
7.858916372060775757e-02
5.762708187103271484e-02
7.078193873167037964e-02
4.715210199356079102e-02
7.510912418365478516e-02
5.634752660989761353e-02
6.269343942403793335e-02
4.716374352574348450e-02
5.758395791053771973e-02
5.484354496002197266e-02
4.837539047002792358e-02
5.967737361788749695e-02
8.582598716020584106e-02
4.180606082081794739e-02
6.108468770980834961e-02
4.535536095499992371e-02
6.365951150655746460e-02
4.889306426048278809e-02
6.356991827487945557e-02
7.595336437225341797e-02
8.804193884134292603e-02
4.988881573081016541e-02
6.416942924261093140e-02
5.936213955283164978e-02
4.277491196990013123e-02
5.439290031790733337e-02
8.647934347391128540e-02
5.099160596728324890e-02
7.880771905183792114e-02
8.478596061468124390e-02
4.577837884426116943e-02
5.392838269472122192e-02
5.109959468245506287e-02
7.297260314226150513e-02
5.663233995437622070e-02
6.519668549299240112e-02
8.914186805486679077e-02
5.018189549446105957e-02
7.390517741441726685e-02
5.958917737007141113e-02
5.651169642806053162e-02
5.506738647818565369e-02
4.722583293914794922e-02
5.498185381293296814e-02
7.186567038297653198e-02
6.833672523498535156e-02
5.473447963595390320e-02
5.067843943834304810e-02
1.090164780616760254e-01
7.660056650638580322e-02
4.535236582159996033e-02
5.517405271530151367e-02
7.716887444257736206e-02
6.866968423128128052e-02
6.143658980727195740e-02
5.809634923934936523e-02
7.261525839567184448e-02
5.127057060599327087e-02
1.117900833487510681e-01
1.048319712281227112e-01
6.601641327142715454e-02
4.539117589592933655e-02
5.110199376940727234e-02
6.099453568458557129e-02
7.876477390527725220e-02
5.121206119656562805e-02
5.958029255270957947e-02
7.151547074317932129e-02
1.120665818452835083e-01
5.619052052497863770e-02
5.512439087033271790e-02
8.022692054510116577e-02
8.351054042577743530e-02
5.925999954342842102e-02
8.345166593790054321e-02
7.432027906179428101e-02
6.178637966513633728e-02
9.090415388345718384e-02
4.979439452290534973e-02
6.937680393457412720e-02
5.098362639546394348e-02
7.580386847257614136e-02
7.294817268848419189e-02
8.724334090948104858e-02
1.038397327065467834e-01
4.735974222421646118e-02
4.746260866522789001e-02
5.988838896155357361e-02
5.880939960479736328e-02
5.310665443539619446e-02
5.108315497636795044e-02
6.301755458116531372e-02
4.954224079847335815e-02
1.026303395628929138e-01
6.335867941379547119e-02
7.184176892042160034e-02
6.202031299471855164e-02
1.004291325807571411e-01
5.774917826056480408e-02
5.205921083688735962e-02
5.393021926283836365e-02
5.790111050009727478e-02
6.085786968469619751e-02
7.102869451045989990e-02
5.542085319757461548e-02
5.217621475458145142e-02
6.730302423238754272e-02
5.027110502123832703e-02
6.752230226993560791e-02
6.201647594571113586e-02
6.321934610605239868e-02
7.807715982198715210e-02
9.280567616224288940e-02
6.078929454088211060e-02
4.464088752865791321e-02
4.775327071547508240e-02
5.304411053657531738e-02
1.159346103668212891e-01
4.977814480662345886e-02
6.116459518671035767e-02
7.158976048231124878e-02
1.038955226540565491e-01
7.979770749807357788e-02
6.271018832921981812e-02
6.504227221012115479e-02
5.468617007136344910e-02
7.766529172658920288e-02
7.235638797283172607e-02
7.741548120975494385e-02
5.510196089744567871e-02
6.751669943332672119e-02
5.790315195918083191e-02
4.975432902574539185e-02
1.444234102964401245e-01
5.659384652972221375e-02
8.051546663045883179e-02
5.138232186436653137e-02
1.020429357886314392e-01
6.901590526103973389e-02
6.600271910429000854e-02
9.414386004209518433e-02
5.893910676240921021e-02
5.268638953566551208e-02
6.906847655773162842e-02
9.888791292905807495e-02
6.053539738059043884e-02
5.463837459683418274e-02
4.582669958472251892e-02
7.770255953073501587e-02
5.690414831042289734e-02
8.715271204710006714e-02
9.515093266963958740e-02
7.056873291730880737e-02
5.925508961081504822e-02
6.169470772147178650e-02
4.851403459906578064e-02
6.196232512593269348e-02
5.869748070836067200e-02
4.775084927678108215e-02
5.121598392724990845e-02
8.543138951063156128e-02
5.112293362617492676e-02
6.814283132553100586e-02
5.069552734494209290e-02
6.253873556852340698e-02
8.780016005039215088e-02
7.752078771591186523e-02
5.558127164840698242e-02
5.316185578703880310e-02
5.927781015634536743e-02
5.500346049666404724e-02
7.555773109197616577e-02
4.958376288414001465e-02
6.682895869016647339e-02
5.937286838889122009e-02
4.950429126620292664e-02
6.270977109670639038e-02
5.202206596732139587e-02
5.657340213656425476e-02
5.000749975442886353e-02
6.733985245227813721e-02
6.769797950983047485e-02
5.379755422472953796e-02
6.143087893724441528e-02
4.925509169697761536e-02
5.828044936060905457e-02
4.793141409754753113e-02
5.729496106505393982e-02
5.305768921971321106e-02
5.242077261209487915e-02
5.437996610999107361e-02
5.982286483049392700e-02
4.489233717322349548e-02
6.693030893802642822e-02
4.965076968073844910e-02
5.870289728045463562e-02
5.081040784716606140e-02
4.501466080546379089e-02
7.592218369245529175e-02
5.660260841250419617e-02
6.141306832432746887e-02
5.112869292497634888e-02
4.992781952023506165e-02
5.722143873572349548e-02
7.963738590478897095e-02
4.724081978201866150e-02
5.521484836935997009e-02
5.373526737093925476e-02
5.918531492352485657e-02
4.825426265597343445e-02
5.689879879355430603e-02
6.759883463382720947e-02
6.073503568768501282e-02
6.724351644515991211e-02
4.137614369392395020e-02
9.150101244449615479e-02
4.837381467223167419e-02
5.904179811477661133e-02
6.015769392251968384e-02
6.708636879920959473e-02
7.901798933744430542e-02
4.375285655260086060e-02
4.604675620794296265e-02
6.475941091775894165e-02
5.842935666441917419e-02
6.642892211675643921e-02
8.350590616464614868e-02
5.370150133967399597e-02
4.370211064815521240e-02
5.868206545710563660e-02
5.151930451393127441e-02
5.787922069430351257e-02
5.850777775049209595e-02
5.281680822372436523e-02
5.206418037414550781e-02
6.581754982471466064e-02
5.031972005963325500e-02
4.471052438020706177e-02
6.271672248840332031e-02
4.813295602798461914e-02
4.905210062861442566e-02
6.004248932003974915e-02
4.750047251582145691e-02
4.272778704762458801e-02
6.096419319510459900e-02
5.775014311075210571e-02
6.065649539232254028e-02
5.143478512763977051e-02
5.869494751095771790e-02
4.481425881385803223e-02
4.869999364018440247e-02
7.680844515562057495e-02
4.606552794575691223e-02
5.280352383852005005e-02
5.868424102663993835e-02
4.772260040044784546e-02
6.105911731719970703e-02
6.797375530004501343e-02
4.991486668586730957e-02
5.933151766657829285e-02
5.541558191180229187e-02
5.961186811327934265e-02
5.355367809534072876e-02
6.050723791122436523e-02
6.222267821431159973e-02
6.141282245516777039e-02
4.532736167311668396e-02
3.906035423278808594e-02
1.083273813128471375e-01
4.692116379737854004e-02
7.809372991323471069e-02
5.486438795924186707e-02
5.316696316003799438e-02
6.350304931402206421e-02
7.163123041391372681e-02
7.808580994606018066e-02
4.708140343427658081e-02
7.093935459852218628e-02
5.097054317593574524e-02
4.095719009637832642e-02
7.279305905103683472e-02
5.466317012906074524e-02
4.997910186648368835e-02
5.819439888000488281e-02
5.035963281989097595e-02
5.070132017135620117e-02
7.268328964710235596e-02
5.905012041330337524e-02
5.076687410473823547e-02
5.193201825022697449e-02
6.952657550573348999e-02
5.683235079050064087e-02
6.547787040472030640e-02
6.644091010093688965e-02
5.569713190197944641e-02
4.300003871321678162e-02
5.911543592810630798e-02
4.852720722556114197e-02
4.443774372339248657e-02
5.670208856463432312e-02
5.212338641285896301e-02
9.060662239789962769e-02
4.756563156843185425e-02
6.124839931726455688e-02
5.358307436108589172e-02
4.415705427527427673e-02
5.676079913973808289e-02
8.813730627298355103e-02
4.862207174301147461e-02
6.398905813694000244e-02
4.778575897216796875e-02
4.231546446681022644e-02
5.807311460375785828e-02
4.270190745592117310e-02
5.111298710107803345e-02
5.516403540968894958e-02
5.858247354626655579e-02
4.399031400680541992e-02
6.403847038745880127e-02
4.831911996006965637e-02
4.081735014915466309e-02
5.018137767910957336e-02
4.893374070525169373e-02
4.681070521473884583e-02
4.602167755365371704e-02
6.385379284620285034e-02
6.904882937669754028e-02
7.037307322025299072e-02
5.323211103677749634e-02
5.153548717498779297e-02
5.118672922253608704e-02
6.223741918802261353e-02
6.459797918796539307e-02
4.458121210336685181e-02
6.787294894456863403e-02
4.709945246577262878e-02
4.945438355207443237e-02
5.944601446390151978e-02
9.942831099033355713e-02
7.585190981626510620e-02
4.591811820864677429e-02
5.562134459614753723e-02
7.030097395181655884e-02
5.217354372143745422e-02
5.214856937527656555e-02
6.282619386911392212e-02
5.563217401504516602e-02
6.753209978342056274e-02
4.590097814798355103e-02
6.203987821936607361e-02
7.367748022079467773e-02
5.642340332269668579e-02
6.056793406605720520e-02
6.120871379971504211e-02
9.676283597946166992e-02
4.628471657633781433e-02
5.854230001568794250e-02
4.159018024802207947e-02
5.185810476541519165e-02
6.945490092039108276e-02
8.669029921293258667e-02
4.312752187252044678e-02
8.523811399936676025e-02
4.887631163001060486e-02
6.440092623233795166e-02
8.275487273931503296e-02
4.784245416522026062e-02
6.215336546301841736e-02
4.353761672973632812e-02
6.122045591473579407e-02
5.187809467315673828e-02
4.999407753348350525e-02
5.126995593309402466e-02
6.053410843014717102e-02
8.062279224395751953e-02
4.639362171292304993e-02
7.122346013784408569e-02
5.916714668273925781e-02
5.214072391390800476e-02
5.563044548034667969e-02
4.075342416763305664e-02
5.219119414687156677e-02
5.811459571123123169e-02
7.385566830635070801e-02
6.187801435589790344e-02
6.611184775829315186e-02
4.513797536492347717e-02
4.087328538298606873e-02
7.557227462530136108e-02
8.144177496433258057e-02
8.241190016269683838e-02
5.653243139386177063e-02
8.955377340316772461e-02
4.954554140567779541e-02
4.822379723191261292e-02
5.559339746832847595e-02
5.480660125613212585e-02
5.132424831390380859e-02
5.467801541090011597e-02
4.961610585451126099e-02
5.587530881166458130e-02
4.894945397973060608e-02
7.307692617177963257e-02
5.594861507415771484e-02
5.844734981656074524e-02
5.083992704749107361e-02
4.455374553799629211e-02
6.715413182973861694e-02
6.594258546829223633e-02
4.382553696632385254e-02
5.945426225662231445e-02
6.777758896350860596e-02
5.929584428668022156e-02
6.981804221868515015e-02
5.264084413647651672e-02
5.681551620364189148e-02
5.865558609366416931e-02
5.190872773528099060e-02
6.507502496242523193e-02
5.853182077407836914e-02
6.819260865449905396e-02
4.214414581656455994e-02
5.802913382649421692e-02
4.264540597796440125e-02
5.699852854013442993e-02
4.890735819935798645e-02
4.159399867057800293e-02
4.998898133635520935e-02
4.298188164830207825e-02
7.952909916639328003e-02
9.320311993360519409e-02
5.651956424117088318e-02
5.751586705446243286e-02
5.001844093203544617e-02
5.230987817049026489e-02
6.138950213789939880e-02
5.622439458966255188e-02
5.362647771835327148e-02
5.434799194335937500e-02
5.876901373267173767e-02
5.178600177168846130e-02
5.423934385180473328e-02
3.778083994984626770e-02
3.707340359687805176e-02
9.363345056772232056e-02
8.235938847064971924e-02
4.834359511733055115e-02
4.331115260720252991e-02
4.962324723601341248e-02
4.552371054887771606e-02
7.178854197263717651e-02
5.060614272952079773e-02
9.258490800857543945e-02
5.113235861063003540e-02
5.098145827651023865e-02
4.886640235781669617e-02
4.538131505250930786e-02
4.892504960298538208e-02
6.536070257425308228e-02
5.862342938780784607e-02
5.335604771971702576e-02
5.126782879233360291e-02
7.540977746248245239e-02
4.154996201395988464e-02
4.312652349472045898e-02
5.117778107523918152e-02
4.876690730452537537e-02
9.434807300567626953e-02
4.244980216026306152e-02
4.780773445963859558e-02
6.300663203001022339e-02
5.454219505190849304e-02
6.585481017827987671e-02
4.882005974650382996e-02
5.636977776885032654e-02
1.069199666380882263e-01
4.111139103770256042e-02
5.711100250482559204e-02
5.473496019840240479e-02
7.900283485651016235e-02
4.654633998870849609e-02
4.900063201785087585e-02
5.953243374824523926e-02
3.488272801041603088e-02
5.796728283166885376e-02
6.062532588839530945e-02
6.444455683231353760e-02
4.954554885625839233e-02
4.412287101149559021e-02
6.603588908910751343e-02
7.604684680700302124e-02
4.609629511833190918e-02
4.907796904444694519e-02
8.580723404884338379e-02
5.237213522195816040e-02
6.908392906188964844e-02
6.457533687353134155e-02
6.412295252084732056e-02
5.175467208027839661e-02
5.169145390391349792e-02
5.098941549658775330e-02
4.661139473319053650e-02
6.763452291488647461e-02
8.110665529966354370e-02
4.531480744481086731e-02
4.456167295575141907e-02
5.067747831344604492e-02
7.475613802671432495e-02
4.561515897512435913e-02
4.826592281460762024e-02
4.986789077520370483e-02
4.744635522365570068e-02
4.758542776107788086e-02
5.363445356488227844e-02
5.621112138032913208e-02
5.507217720150947571e-02
6.844514608383178711e-02
5.301390960812568665e-02
5.152959749102592468e-02
5.182955414056777954e-02
5.284998565912246704e-02
3.696449100971221924e-02
3.554050251841545105e-02
3.901448845863342285e-02
7.063583284616470337e-02
7.081658393144607544e-02
4.151077196002006531e-02
5.653153732419013977e-02
8.094363659620285034e-02
4.862101003527641296e-02
5.450439080595970154e-02
4.865734279155731201e-02
8.332120627164840698e-02
6.858211010694503784e-02
5.584461241960525513e-02
7.218759506940841675e-02
4.433074966073036194e-02
4.305126518011093140e-02
6.259903311729431152e-02
5.923647806048393250e-02
4.399790987372398376e-02
6.159007176756858826e-02
6.880971044301986694e-02
5.269623920321464539e-02
4.016233608126640320e-02
4.114195704460144043e-02
4.980075359344482422e-02
4.245586320757865906e-02
4.123128205537796021e-02
7.739508897066116333e-02
4.084111377596855164e-02
4.656327888369560242e-02
4.489063844084739685e-02
4.604509100317955017e-02
6.704311817884445190e-02
4.028973728418350220e-02
5.255240201950073242e-02
6.630182266235351562e-02
3.669209778308868408e-02
4.875487834215164185e-02
4.468570277094841003e-02
5.015037208795547485e-02
6.881747394800186157e-02
4.582853242754936218e-02
4.140921309590339661e-02
4.383578523993492126e-02
5.202190205454826355e-02
6.826929003000259399e-02
4.958553239703178406e-02
4.507633298635482788e-02
3.656388446688652039e-02
4.567251726984977722e-02
4.286504909396171570e-02
3.949677199125289917e-02
4.671341925859451294e-02
4.316882416605949402e-02
5.942456796765327454e-02
4.090949892997741699e-02
5.749079212546348572e-02
5.935519933700561523e-02
6.065681204199790955e-02
4.896536096930503845e-02
4.058211296796798706e-02
5.421356111764907837e-02
6.480354815721511841e-02
3.908969461917877197e-02
5.964131280779838562e-02
6.432651728391647339e-02
5.067401006817817688e-02
5.262136459350585938e-02
5.913201719522476196e-02
5.482870340347290039e-02
4.292885214090347290e-02
4.724054783582687378e-02
6.136455014348030090e-02
5.997187644243240356e-02
4.449668526649475098e-02
9.895619004964828491e-02
4.881742224097251892e-02
4.530839249491691589e-02
4.277418181300163269e-02
4.846252128481864929e-02
5.342159420251846313e-02
6.161779165267944336e-02
5.764838680624961853e-02
5.230461433529853821e-02
4.645521566271781921e-02
4.607296735048294067e-02
7.985053211450576782e-02
5.412841960787773132e-02
4.688876867294311523e-02
4.172879830002784729e-02
4.817911982536315918e-02
4.523136466741561890e-02
4.939018934965133667e-02
5.131492018699645996e-02
6.126075983047485352e-02
5.452438816428184509e-02
5.912197753787040710e-02
6.765826791524887085e-02
4.766757786273956299e-02
5.263569578528404236e-02
5.290257930755615234e-02
6.249015405774116516e-02
5.280405282974243164e-02
4.683627188205718994e-02
6.752238422632217407e-02
3.805313259363174438e-02
5.694714933633804321e-02
4.772095009684562683e-02
4.725265502929687500e-02
5.350827053189277649e-02
5.049140378832817078e-02
6.182562187314033508e-02
4.232035577297210693e-02
4.368482157588005066e-02
6.166326999664306641e-02
5.318641290068626404e-02
5.352402478456497192e-02
3.701184317469596863e-02
4.770053550601005554e-02
6.299921870231628418e-02
4.817768558859825134e-02
8.206930011510848999e-02
4.319525882601737976e-02
4.094975069165229797e-02
3.722172603011131287e-02
6.798794120550155640e-02
5.055160447955131531e-02
4.678620025515556335e-02
4.039067402482032776e-02
4.251057654619216919e-02
5.913996696472167969e-02
3.939602151513099670e-02
6.597564369440078735e-02
5.435359477996826172e-02
6.971871107816696167e-02
4.034221917390823364e-02
5.280460044741630554e-02
5.444180965423583984e-02
4.486723244190216064e-02
4.445106163620948792e-02
5.501478537917137146e-02
1.549410372972488403e-01
5.561191588640213013e-02
5.404529720544815063e-02
7.601367682218551636e-02
4.360829666256904602e-02
6.285165995359420776e-02
7.371679693460464478e-02
5.352374538779258728e-02
4.299000650644302368e-02
6.830493360757827759e-02
4.153413325548171997e-02
7.245718687772750854e-02
5.489299446344375610e-02
4.298894479870796204e-02
5.617544054985046387e-02
7.416836917400360107e-02
7.401134818792343140e-02
4.733767732977867126e-02
4.700457677245140076e-02
6.795354932546615601e-02
3.910766169428825378e-02
5.967896059155464172e-02
5.525163561105728149e-02
4.614944010972976685e-02
4.733543470501899719e-02
4.478521272540092468e-02
4.302123934030532837e-02
4.115681722760200500e-02
6.140983104705810547e-02
3.882905840873718262e-02
4.962815716862678528e-02
6.172427162528038025e-02
4.319887980818748474e-02
5.366272479295730591e-02
4.961316287517547607e-02
4.692063480615615845e-02
4.264535382390022278e-02
5.685476213693618774e-02
6.264615058898925781e-02
5.449218302965164185e-02
4.374339058995246887e-02
4.182327166199684143e-02
4.547446966171264648e-02
4.707981646060943604e-02
5.153219774365425110e-02
4.629129171371459961e-02
5.036252737045288086e-02
3.927701339125633240e-02
3.676383569836616516e-02
4.097921401262283325e-02
4.396654292941093445e-02
8.516720682382583618e-02
6.693925708532333374e-02
4.936162754893302917e-02
4.327106103301048279e-02
4.398307949304580688e-02
