6.629330515861511230e-01
6.817342042922973633e-01
6.636531352996826172e-01
6.155492663383483887e-01
6.271675229072570801e-01
6.091310381889343262e-01
5.859348177909851074e-01
5.903083682060241699e-01
5.771300792694091797e-01
5.769974589347839355e-01
5.587000250816345215e-01
5.542295575141906738e-01
5.989972949028015137e-01
5.340177416801452637e-01
5.256471037864685059e-01
5.301655530929565430e-01
5.160505175590515137e-01
5.385887026786804199e-01
5.079512000083923340e-01
5.225731134414672852e-01
5.132018923759460449e-01
5.091071128845214844e-01
5.074694156646728516e-01
5.458095669746398926e-01
5.023803114891052246e-01
4.884036183357238770e-01
4.856770038604736328e-01
4.984056651592254639e-01
4.765591323375701904e-01
5.216280817985534668e-01
4.988714158535003662e-01
4.733788669109344482e-01
4.824790954589843750e-01
4.657854735851287842e-01
4.507145583629608154e-01
4.889952838420867920e-01
4.780424237251281738e-01
4.377669394016265869e-01
4.989412426948547363e-01
4.614723026752471924e-01
4.453478753566741943e-01
4.712820649147033691e-01
4.451628327369689941e-01
4.545598924160003662e-01
4.541299045085906982e-01
4.568127691745758057e-01
4.183367788791656494e-01
4.535101950168609619e-01
4.314282834529876709e-01
4.128784239292144775e-01
4.361816048622131348e-01
4.405164718627929688e-01
4.237415790557861328e-01
4.378105103969573975e-01
4.034709036350250244e-01
4.652961790561676025e-01
4.447425901889801025e-01
4.293360412120819092e-01
4.013833105564117432e-01
4.294628798961639404e-01
4.006820619106292725e-01
3.936942815780639648e-01
3.899926841259002686e-01
4.122447967529296875e-01
4.102535247802734375e-01
4.013005197048187256e-01
3.961833715438842773e-01
4.035650193691253662e-01
3.959648311138153076e-01
3.751524090766906738e-01
4.073251783847808838e-01
3.791674375534057617e-01
3.898180127143859863e-01
3.936942517757415771e-01
3.723627626895904541e-01
3.903177380561828613e-01
3.805149793624877930e-01
3.899174034595489502e-01
3.971258103847503662e-01
3.707221150398254395e-01
3.835889101028442383e-01
3.682352006435394287e-01
3.682218492031097412e-01
3.555357158184051514e-01
3.681443333625793457e-01
3.882215023040771484e-01
3.890482783317565918e-01
3.651495873928070068e-01
3.632830083370208740e-01
3.612449765205383301e-01
3.534250855445861816e-01
3.534149825572967529e-01
3.512212932109832764e-01
3.574624955654144287e-01
3.780903220176696777e-01
3.878327906131744385e-01
3.427366018295288086e-01
3.570971786975860596e-01
3.646987378597259521e-01
3.598560690879821777e-01
3.440737426280975342e-01
3.578594624996185303e-01
3.677258193492889404e-01
3.498534262180328369e-01
3.468386530876159668e-01
3.637249469757080078e-01
3.435555398464202881e-01
3.586577773094177246e-01
3.356203734874725342e-01
3.495428562164306641e-01
3.479108214378356934e-01
3.341039717197418213e-01
3.425008058547973633e-01
3.551888167858123779e-01
3.352704048156738281e-01
3.394915759563446045e-01
3.338495790958404541e-01
3.403266370296478271e-01
3.364499211311340332e-01
3.574871122837066650e-01
3.266501128673553467e-01
3.377074301242828369e-01
3.390852212905883789e-01
3.272321820259094238e-01
3.350913524627685547e-01
3.278455734252929688e-01
3.525704145431518555e-01
3.364951014518737793e-01
3.262639641761779785e-01
3.259174525737762451e-01
3.285311162471771240e-01
3.236959874629974365e-01
3.315012454986572266e-01
3.459072113037109375e-01
3.334727883338928223e-01
3.235371410846710205e-01
3.241457939147949219e-01
3.331001698970794678e-01
3.366903364658355713e-01
3.221295475959777832e-01
3.220319449901580811e-01
3.278551995754241943e-01
3.144698739051818848e-01
3.363645970821380615e-01
3.343443870544433594e-01
3.223856389522552490e-01
3.112084567546844482e-01
3.314917087554931641e-01
3.276773393154144287e-01
3.120650947093963623e-01
3.244099318981170654e-01
3.181973099708557129e-01
3.100941777229309082e-01
3.176604211330413818e-01
3.114495873451232910e-01
3.361551761627197266e-01
3.230594694614410400e-01
3.227295577526092529e-01
3.156031370162963867e-01
3.177081346511840820e-01
