6.882047653198242188e-01
6.164480447769165039e-01
6.280755400657653809e-01
5.878332853317260742e-01
5.903337597846984863e-01
5.687841773033142090e-01
5.418917536735534668e-01
5.723835229873657227e-01
5.443352460861206055e-01
5.342275500297546387e-01
5.338706374168395996e-01
5.337381362915039062e-01
5.453509092330932617e-01
5.099460482597351074e-01
5.258092880249023438e-01
5.126795172691345215e-01
5.105363726615905762e-01
5.054027438163757324e-01
5.600227117538452148e-01
5.286833047866821289e-01
5.193712115287780762e-01
5.003325343132019043e-01
5.164703726768493652e-01
5.130018591880798340e-01
5.081591606140136719e-01
5.050813555717468262e-01
5.213196873664855957e-01
4.900552928447723389e-01
5.058986544609069824e-01
4.702676236629486084e-01
4.871059060096740723e-01
4.742949604988098145e-01
4.873892962932586670e-01
4.893893301486968994e-01
4.861764013767242432e-01
5.128218531608581543e-01
4.976247251033782959e-01
4.838851392269134521e-01
4.735829532146453857e-01
4.757261276245117188e-01
4.684525430202484131e-01
4.766972661018371582e-01
4.920369088649749756e-01
4.666891694068908691e-01
4.643616676330566406e-01
4.521994590759277344e-01
4.558750092983245850e-01
4.791447222232818604e-01
4.653631150722503662e-01
4.571231007575988770e-01
4.712295532226562500e-01
4.606864154338836670e-01
4.527479112148284912e-01
4.381794929504394531e-01
4.487035274505615234e-01
4.565055966377258301e-01
4.682754576206207275e-01
4.503290355205535889e-01
4.781919419765472412e-01
4.558460414409637451e-01
4.351813793182373047e-01
4.580071568489074707e-01
4.488928318023681641e-01
4.442332386970520020e-01
4.621647894382476807e-01
4.379668235778808594e-01
4.811679422855377197e-01
4.655772745609283447e-01
4.276939034461975098e-01
4.451892077922821045e-01
4.227400720119476318e-01
4.347426891326904297e-01
4.412644803524017334e-01
4.386443793773651123e-01
4.552380740642547607e-01
4.333792626857757568e-01
4.374314844608306885e-01
4.306877255439758301e-01
4.229651391506195068e-01
4.328942596912384033e-01
4.551956355571746826e-01
4.250348210334777832e-01
4.266771376132965088e-01
4.288267195224761963e-01
4.246208667755126953e-01
4.493075907230377197e-01
4.350841641426086426e-01
4.353580474853515625e-01
4.097375571727752686e-01
4.356818199157714844e-01
4.257727265357971191e-01
4.201734066009521484e-01
4.300834834575653076e-01
4.233148694038391113e-01
4.115847647190093994e-01
4.219119250774383545e-01
4.141104817390441895e-01
4.148038029670715332e-01
4.148353040218353271e-01
4.130402505397796631e-01
4.063743054866790771e-01
4.278356730937957764e-01
4.596724212169647217e-01
4.119191169738769531e-01
4.095738530158996582e-01
4.216435551643371582e-01
4.161172807216644287e-01
4.109918773174285889e-01
4.176699221134185791e-01
4.150203764438629150e-01
4.115450978279113770e-01
4.129643142223358154e-01
4.096099436283111572e-01
4.019801318645477295e-01
4.285947978496551514e-01
4.191318452358245850e-01
4.254015088081359863e-01
4.406394064426422119e-01
4.118632972240447998e-01
4.117251336574554443e-01
4.275380671024322510e-01
4.035244882106781006e-01
4.144813716411590576e-01
4.321548640727996826e-01
4.095560014247894287e-01
4.123006761074066162e-01
4.071560502052307129e-01
3.965901434421539307e-01
4.325660765171051025e-01
4.038248062133789062e-01
4.103163182735443115e-01
3.950507640838623047e-01
4.106328487396240234e-01
4.129421710968017578e-01
3.912385106086730957e-01
4.131184518337249756e-01
3.958322703838348389e-01
4.111706316471099854e-01
4.084714055061340332e-01
4.098064005374908447e-01
3.866632878780364990e-01
4.051813185214996338e-01
3.886512219905853271e-01
4.100175797939300537e-01
3.952753543853759766e-01
4.056234359741210938e-01
3.889083862304687500e-01
3.967382907867431641e-01
3.994258344173431396e-01
4.036649763584136963e-01
4.035449922084808350e-01
3.933635950088500977e-01
4.059131741523742676e-01
3.946050703525543213e-01
3.946981430053710938e-01
4.263391494750976562e-01
4.066707789897918701e-01
4.210900962352752686e-01
3.884788453578948975e-01
4.086875021457672119e-01
4.169622063636779785e-01
4.060065448284149170e-01
3.997499644756317139e-01
3.984584808349609375e-01
3.926851451396942139e-01
3.978562057018280029e-01
3.906434476375579834e-01
4.064893722534179688e-01
3.838976025581359863e-01
4.062050282955169678e-01
3.935297429561614990e-01
3.903323709964752197e-01
3.874072730541229248e-01
3.831341266632080078e-01
3.827548027038574219e-01
3.947084844112396240e-01
3.979060649871826172e-01
3.960459828376770020e-01
3.890403807163238525e-01
3.892522454261779785e-01
3.893533945083618164e-01
4.087046086788177490e-01
3.890955746173858643e-01
3.811560273170471191e-01
4.033926427364349365e-01
3.840863406658172607e-01
4.083881378173828125e-01
4.047229290008544922e-01
3.869340121746063232e-01
3.904677629470825195e-01
3.788610100746154785e-01
4.078891873359680176e-01
3.919901549816131592e-01
3.788286447525024414e-01
3.792272508144378662e-01
3.716837763786315918e-01
3.757818639278411865e-01
3.873926401138305664e-01
3.842090070247650146e-01
3.815028965473175049e-01
3.809260427951812744e-01
3.742012977600097656e-01
3.913219869136810303e-01
3.808038830757141113e-01
3.831065595149993896e-01
3.708238303661346436e-01
3.767659664154052734e-01
3.820262849330902100e-01
3.937235772609710693e-01
3.969058692455291748e-01
3.946856558322906494e-01
3.827308714389801025e-01
3.906309604644775391e-01
3.787642419338226318e-01
3.989463746547698975e-01
3.804490566253662109e-01
3.649208843708038330e-01
3.845003545284271240e-01
3.806554675102233887e-01
3.874490261077880859e-01
3.899395465850830078e-01
3.824708461761474609e-01
3.916251659393310547e-01
3.744338154792785645e-01
3.899896144866943359e-01
3.838712573051452637e-01
3.672419190406799316e-01
3.737615942955017090e-01
3.779754340648651123e-01
3.639818131923675537e-01
3.709437549114227295e-01
4.019381701946258545e-01
3.684787452220916748e-01
3.729695379734039307e-01
3.976868987083435059e-01
3.934937119483947754e-01
3.599294126033782959e-01
3.959502875804901123e-01
3.968428075313568115e-01
3.778617680072784424e-01
3.693746626377105713e-01
3.687020242214202881e-01
3.766477704048156738e-01
3.923437297344207764e-01
3.828753530979156494e-01
3.924123048782348633e-01
3.845416605472564697e-01
3.831771910190582275e-01
3.643364012241363525e-01
3.790673911571502686e-01
3.688468933105468750e-01
3.823581635951995850e-01
3.876483738422393799e-01
3.659492135047912598e-01
3.676878213882446289e-01
3.606553673744201660e-01
3.632752895355224609e-01
3.906641900539398193e-01
3.702591061592102051e-01
3.722100257873535156e-01
3.686147034168243408e-01
3.700588643550872803e-01
3.736763596534729004e-01
3.651770949363708496e-01
3.737083077430725098e-01
3.702194988727569580e-01
3.785056769847869873e-01
3.764137625694274902e-01
3.735009133815765381e-01
3.748403191566467285e-01
3.748621642589569092e-01
3.650662004947662354e-01
3.761929571628570557e-01
3.885790109634399414e-01
3.778117895126342773e-01
3.773990869522094727e-01
3.642636239528656006e-01
3.719875812530517578e-01
3.615477979183197021e-01
3.666155040264129639e-01
3.693884313106536865e-01
3.653706610202789307e-01
3.683080375194549561e-01
3.659428060054779053e-01
3.915668427944183350e-01
3.710263371467590332e-01
3.614976406097412109e-01
3.725523054599761963e-01
3.584361076354980469e-01
3.787332475185394287e-01
3.854973018169403076e-01
3.816407620906829834e-01
3.659909367561340332e-01
3.636028766632080078e-01
3.725666701793670654e-01
3.683584630489349365e-01
3.790896534919738770e-01
3.556371629238128662e-01
3.594318926334381104e-01
3.749082088470458984e-01
3.828361332416534424e-01
3.735958635807037354e-01
3.561332225799560547e-01
3.784068524837493896e-01
3.794003129005432129e-01
3.692003190517425537e-01
3.782500326633453369e-01
3.699893057346343994e-01
3.708291947841644287e-01
3.716808557510375977e-01
3.638877570629119873e-01
3.623059391975402832e-01
3.893020451068878174e-01
3.702941834926605225e-01
3.654603660106658936e-01
3.781918287277221680e-01
3.873983323574066162e-01
3.725946545600891113e-01
3.674761354923248291e-01
3.788211941719055176e-01
3.602000176906585693e-01
3.610229194164276123e-01
3.700213730335235596e-01
3.634028136730194092e-01
3.667754828929901123e-01
3.643046319484710693e-01
3.611013293266296387e-01
3.553526103496551514e-01
3.691261708736419678e-01
3.898078799247741699e-01
3.716221451759338379e-01
3.535195291042327881e-01
3.729599416255950928e-01
3.627541959285736084e-01
3.661404252052307129e-01
3.772703707218170166e-01
3.936819136142730713e-01
3.674017488956451416e-01
3.517193496227264404e-01
3.824509382247924805e-01
3.667498230934143066e-01
3.694312274456024170e-01
3.788964450359344482e-01
3.631000220775604248e-01
3.615561425685882568e-01
3.709633052349090576e-01
3.566626310348510742e-01
3.707604110240936279e-01
3.606162667274475098e-01
3.601102530956268311e-01
3.751097917556762695e-01
3.710022866725921631e-01
3.586088716983795166e-01
3.457631766796112061e-01
3.699607849121093750e-01
3.635931015014648438e-01
3.592304289340972900e-01
3.740747570991516113e-01
3.539586663246154785e-01
3.616544008255004883e-01
3.537940979003906250e-01
3.554914891719818115e-01
3.606551587581634521e-01
3.592608273029327393e-01
3.608074784278869629e-01
3.610530793666839600e-01
3.634559810161590576e-01
3.581002652645111084e-01
3.515228331089019775e-01
3.531461358070373535e-01
3.494274616241455078e-01
3.698480725288391113e-01
3.591111302375793457e-01
3.514308035373687744e-01
3.927090167999267578e-01
3.639309108257293701e-01
3.833617568016052246e-01
3.594897091388702393e-01
3.766771256923675537e-01
3.722201883792877197e-01
3.637416958808898926e-01
3.482241332530975342e-01
3.743450045585632324e-01
3.683112561702728271e-01
3.613321483135223389e-01
3.650021553039550781e-01
3.533385097980499268e-01
3.595114946365356445e-01
3.639356493949890137e-01
3.596589267253875732e-01
3.605764806270599365e-01
3.584286868572235107e-01
3.571755588054656982e-01
3.549832701683044434e-01
3.535227775573730469e-01
3.561018407344818115e-01
3.557620346546173096e-01
3.753759562969207764e-01
3.603065907955169678e-01
3.553651571273803711e-01
3.782760202884674072e-01
3.669154942035675049e-01
3.615449070930480957e-01
3.591976165771484375e-01
3.452408015727996826e-01
3.557407557964324951e-01
3.550157248973846436e-01
3.510056436061859131e-01
3.559459149837493896e-01
3.464281260967254639e-01
3.519988954067230225e-01
3.651363551616668701e-01
3.595568239688873291e-01
3.662903010845184326e-01
3.545974493026733398e-01
3.682613968849182129e-01
3.775614202022552490e-01
3.483469188213348389e-01
3.625756800174713135e-01
3.822766542434692383e-01
3.647838234901428223e-01
3.801357746124267578e-01
3.588731884956359863e-01
3.483993709087371826e-01
3.609395921230316162e-01
3.716509044170379639e-01
3.605046868324279785e-01
3.595108389854431152e-01
3.741488158702850342e-01
3.417284488677978516e-01
3.544380068778991699e-01
3.537688255310058594e-01
3.508480489253997803e-01
3.467645347118377686e-01
3.538307547569274902e-01
3.670763671398162842e-01
3.587277531623840332e-01
3.557344675064086914e-01
3.670822083950042725e-01
3.734585940837860107e-01
3.463151752948760986e-01
3.616277873516082764e-01
3.644129931926727295e-01
3.551504015922546387e-01
3.607650399208068848e-01
3.651991188526153564e-01
3.581267893314361572e-01
3.371689915657043457e-01
3.573000133037567139e-01
3.532183170318603516e-01
3.604210913181304932e-01
3.673870861530303955e-01
3.664088845252990723e-01
3.624093234539031982e-01
3.521666228771209717e-01
3.572125136852264404e-01
3.622185289859771729e-01
3.514821231365203857e-01
3.538218438625335693e-01
3.503552377223968506e-01
3.462255001068115234e-01
3.696375787258148193e-01
3.493906557559967041e-01
3.466454446315765381e-01
3.567531108856201172e-01
3.544653356075286865e-01
3.589675426483154297e-01
3.665176331996917725e-01
3.659531772136688232e-01
3.387448489665985107e-01
3.502569496631622314e-01
3.609809577465057373e-01
3.454959988594055176e-01
3.490235805511474609e-01
3.454214632511138916e-01
3.540216088294982910e-01
3.555218875408172607e-01
3.492274880409240723e-01
3.421056568622589111e-01
3.546038866043090820e-01
3.632950186729431152e-01
3.674165904521942139e-01
3.472088575363159180e-01
3.584102392196655273e-01
3.399624526500701904e-01
3.780442774295806885e-01
3.658883273601531982e-01
3.523459136486053467e-01
3.681170940399169922e-01
3.668511509895324707e-01
3.568325936794281006e-01
3.536990582942962646e-01
3.554285466670989990e-01
3.533163070678710938e-01
3.552244603633880615e-01
3.610793054103851318e-01
3.400912880897521973e-01
3.512546122074127197e-01
3.479835093021392822e-01
3.535681664943695068e-01
3.407374322414398193e-01
3.461382687091827393e-01
3.586390912532806396e-01
3.519786298274993896e-01
3.376431167125701904e-01
3.455281257629394531e-01
3.490070998668670654e-01
3.418329656124114990e-01
3.446033000946044922e-01
3.363986909389495850e-01
3.533670902252197266e-01
3.468932211399078369e-01
3.497588634490966797e-01
3.538584113121032715e-01
3.367519974708557129e-01
3.427734375000000000e-01
3.413958251476287842e-01
3.489912152290344238e-01
3.510755300521850586e-01
3.463084697723388672e-01
3.402143418788909912e-01
3.490909636020660400e-01
3.452204763889312744e-01
3.523293137550354004e-01
3.477009832859039307e-01
3.369319140911102295e-01
3.521333634853363037e-01
3.608357012271881104e-01
3.678627610206604004e-01
3.532125055789947510e-01
3.414192497730255127e-01
3.403900563716888428e-01
3.416526019573211670e-01
3.439270853996276855e-01
3.495531380176544189e-01
3.448557853698730469e-01
3.741610944271087646e-01
3.536899983882904053e-01
3.426356911659240723e-01
3.471051454544067383e-01
3.453769683837890625e-01
3.671268820762634277e-01
3.476504087448120117e-01
3.460156917572021484e-01
3.700006902217864990e-01
3.424014449119567871e-01
3.449410796165466309e-01
3.418041765689849854e-01
3.449569642543792725e-01
3.507886528968811035e-01
3.462030887603759766e-01
3.413554728031158447e-01
3.631113171577453613e-01
3.588060438632965088e-01
3.473459780216217041e-01
3.428115844726562500e-01
3.419463932514190674e-01
3.624895513057708740e-01
3.541800975799560547e-01
3.443754911422729492e-01
3.420638442039489746e-01
3.619443774223327637e-01
3.403252959251403809e-01
3.417208790779113770e-01
3.525135517120361328e-01
3.689623475074768066e-01
3.454638421535491943e-01
3.417423665523529053e-01
3.444276750087738037e-01
3.615446984767913818e-01
3.637853264808654785e-01
3.420437872409820557e-01
3.453144729137420654e-01
3.382788598537445068e-01
3.623362481594085693e-01
3.513642251491546631e-01
3.404300510883331299e-01
3.499491810798645020e-01
3.550480902194976807e-01
3.447295129299163818e-01
3.560798466205596924e-01
3.588384091854095459e-01
3.327562808990478516e-01
3.495997786521911621e-01
3.463026881217956543e-01
3.571606874465942383e-01
3.501620888710021973e-01
3.453371226787567139e-01
3.494716882705688477e-01
3.352379798889160156e-01
3.346680700778961182e-01
3.515882492065429688e-01
3.475600481033325195e-01
3.401305675506591797e-01
3.495588898658752441e-01
3.489049971103668213e-01
3.495872616767883301e-01
3.505237996578216553e-01
3.407680690288543701e-01
3.460788726806640625e-01
3.396303355693817139e-01
3.495550155639648438e-01
3.511788845062255859e-01
3.400774598121643066e-01
3.379699587821960449e-01
3.389624059200286865e-01
3.559777140617370605e-01
3.464957773685455322e-01
3.587074875831604004e-01
3.430785238742828369e-01
3.402600288391113281e-01
3.429235517978668213e-01
3.487746417522430420e-01
3.465528488159179688e-01
3.521180748939514160e-01
3.367460370063781738e-01
3.514354228973388672e-01
3.331303894519805908e-01
3.578196167945861816e-01
3.419249951839447021e-01
3.428692519664764404e-01
3.361675739288330078e-01
3.452706634998321533e-01
3.458233475685119629e-01
3.440311253070831299e-01
3.333527147769927979e-01
3.363979756832122803e-01
3.462672233581542969e-01
3.626839220523834229e-01
3.466218411922454834e-01
3.431126773357391357e-01
3.407855033874511719e-01
3.395746350288391113e-01
3.511291444301605225e-01
3.442564010620117188e-01
3.388032317161560059e-01
3.327570855617523193e-01
3.380478024482727051e-01
3.689039647579193115e-01
3.481643497943878174e-01
3.481691777706146240e-01
3.374174535274505615e-01
3.574970364570617676e-01
3.471411168575286865e-01
3.562725484371185303e-01
3.388053178787231445e-01
3.591622114181518555e-01
3.446953296661376953e-01
3.343190252780914307e-01
3.392105698585510254e-01
3.584917187690734863e-01
3.462954163551330566e-01
3.444893658161163330e-01
3.350616693496704102e-01
3.442446887493133545e-01
3.852742612361907959e-01
3.452877700328826904e-01
3.452582657337188721e-01
3.439966142177581787e-01
3.337465226650238037e-01
3.401642739772796631e-01
3.530605435371398926e-01
3.527638614177703857e-01
3.410052657127380371e-01
3.570494651794433594e-01
3.473956286907196045e-01
3.454833626747131348e-01
3.486866652965545654e-01
3.424523174762725830e-01
3.311443328857421875e-01
3.369188606739044189e-01
3.400036096572875977e-01
3.378063142299652100e-01
3.408230245113372803e-01
3.429926335811614990e-01
3.406557142734527588e-01
3.413567245006561279e-01
3.392937779426574707e-01
3.460933864116668701e-01
3.473837077617645264e-01
3.413380086421966553e-01
3.474220931529998779e-01
3.433777689933776855e-01
3.459776043891906738e-01
3.519574105739593506e-01
3.444232642650604248e-01
3.397725522518157959e-01
3.529344499111175537e-01
3.458184599876403809e-01
3.366962373256683350e-01
3.386029303073883057e-01
3.323609530925750732e-01
3.459186255931854248e-01
3.281233310699462891e-01
3.435331284999847412e-01
3.490920960903167725e-01
3.270234167575836182e-01
3.546573221683502197e-01
3.348305523395538330e-01
3.439374864101409912e-01
3.651176989078521729e-01
3.427119553089141846e-01
3.312451541423797607e-01
3.552911281585693359e-01
3.382930159568786621e-01
3.275071084499359131e-01
3.401765823364257812e-01
3.294899463653564453e-01
3.375442028045654297e-01
3.481726348400115967e-01
3.416938483715057373e-01
3.474429845809936523e-01
3.276769220829010010e-01
3.335676193237304688e-01
3.375841975212097168e-01
3.497935235500335693e-01
3.443342149257659912e-01
3.373901247978210449e-01
3.498138785362243652e-01
3.397167623043060303e-01
3.516845107078552246e-01
3.197802603244781494e-01
3.388784825801849365e-01
3.617591261863708496e-01
3.347624242305755615e-01
3.359299600124359131e-01
3.555735051631927490e-01
3.213553130626678467e-01
3.376286923885345459e-01
3.369513750076293945e-01
3.509952723979949951e-01
3.218257129192352295e-01
3.370215594768524170e-01
3.544120490550994873e-01
3.462611734867095947e-01
3.425956666469573975e-01
3.384399414062500000e-01
3.442896306514739990e-01
3.396393954753875732e-01
3.398137986660003662e-01
3.380340039730072021e-01
3.513463437557220459e-01
3.492345213890075684e-01
3.272903859615325928e-01
3.361975848674774170e-01
3.334684967994689941e-01
3.603143393993377686e-01
3.408479690551757812e-01
3.320413529872894287e-01
3.391169607639312744e-01
3.396576046943664551e-01
3.332560956478118896e-01
3.409347236156463623e-01
3.308359086513519287e-01
3.324944972991943359e-01
3.451975286006927490e-01
3.511984646320343018e-01
3.367984890937805176e-01
3.442098200321197510e-01
3.283235728740692139e-01
3.460558354854583740e-01
3.406414687633514404e-01
3.695313632488250732e-01
3.292472362518310547e-01
3.417109847068786621e-01
3.343616127967834473e-01
3.277485072612762451e-01
3.510206639766693115e-01
3.396110236644744873e-01
3.309318125247955322e-01
3.393274843692779541e-01
3.444359302520751953e-01
3.338203430175781250e-01
3.500771224498748779e-01
3.358576893806457520e-01
3.392279446125030518e-01
3.636558949947357178e-01
3.380017280578613281e-01
3.499706685543060303e-01
3.299621939659118652e-01
3.368794620037078857e-01
3.377398550510406494e-01
3.486184477806091309e-01
3.283169865608215332e-01
3.324090540409088135e-01
3.437510132789611816e-01
3.389765918254852295e-01
3.322216570377349854e-01
3.274148404598236084e-01
3.336578309535980225e-01
3.423175513744354248e-01
3.231715857982635498e-01
3.196578621864318848e-01
3.482654988765716553e-01
3.251222074031829834e-01
3.446046411991119385e-01
3.306448459625244141e-01
3.263078331947326660e-01
3.418384492397308350e-01
3.298630714416503906e-01
3.416830599308013916e-01
3.252978920936584473e-01
3.349813520908355713e-01
3.371917903423309326e-01
3.298549652099609375e-01
3.314142227172851562e-01
3.271474242210388184e-01
3.157398402690887451e-01
3.429257571697235107e-01
3.452571332454681396e-01
3.369812965393066406e-01
3.478231132030487061e-01
3.476255536079406738e-01
3.420595824718475342e-01
3.279521167278289795e-01
3.372589349746704102e-01
3.492927849292755127e-01
3.334413468837738037e-01
3.313951790332794189e-01
3.343778550624847412e-01
3.362957537174224854e-01
3.359918892383575439e-01
3.564729988574981689e-01
3.398430049419403076e-01
3.449036777019500732e-01
3.526541590690612793e-01
3.368802070617675781e-01
3.354975581169128418e-01
3.288165032863616943e-01
3.229103088378906250e-01
3.482753932476043701e-01
3.434126675128936768e-01
3.312467038631439209e-01
3.272362351417541504e-01
3.264981806278228760e-01
3.445475101470947266e-01
3.421309888362884521e-01
3.444018959999084473e-01
3.237743377685546875e-01
3.399794697761535645e-01
3.273696601390838623e-01
3.277077376842498779e-01
3.270607888698577881e-01
3.413824439048767090e-01
3.288984596729278564e-01
3.277214467525482178e-01
3.493792414665222168e-01
3.389879763126373291e-01
3.319265544414520264e-01
3.452085554599761963e-01
3.492788672447204590e-01
3.320346474647521973e-01
3.250750005245208740e-01
3.231823146343231201e-01
3.318914771080017090e-01
3.481408655643463135e-01
3.307245373725891113e-01
3.357646167278289795e-01
3.363364636898040771e-01
3.237572610378265381e-01
3.243256509304046631e-01
3.577133715152740479e-01
3.346981704235076904e-01
3.533152639865875244e-01
3.446387648582458496e-01
3.327216804027557373e-01
3.254909515380859375e-01
3.393875956535339355e-01
3.433823585510253906e-01
3.401319682598114014e-01
3.554480671882629395e-01
3.254506289958953857e-01
3.317485749721527100e-01
3.316403031349182129e-01
3.266002535820007324e-01
3.490683138370513916e-01
3.432194292545318604e-01
3.333149850368499756e-01
3.302455842494964600e-01
3.370868861675262451e-01
3.229567110538482666e-01
3.362990319728851318e-01
3.242568075656890869e-01
3.311472833156585693e-01
3.374800384044647217e-01
3.328773677349090576e-01
3.409206569194793701e-01
3.319589793682098389e-01
3.374888896942138672e-01
3.498105704784393311e-01
3.533456921577453613e-01
3.320443630218505859e-01
3.300742208957672119e-01
3.256329298019409180e-01
3.483178317546844482e-01
3.359275162220001221e-01
3.260588943958282471e-01
3.288366794586181641e-01
3.171457946300506592e-01
3.245969712734222412e-01
3.360173404216766357e-01
3.315493762493133545e-01
3.286119401454925537e-01
3.373347222805023193e-01
3.347530364990234375e-01
3.413950502872467041e-01
3.443263471126556396e-01
3.408027589321136475e-01
3.426871001720428467e-01
3.238520324230194092e-01
3.375061154365539551e-01
3.286532461643218994e-01
3.390144407749176025e-01
3.281578123569488525e-01
3.223657608032226562e-01
3.241460025310516357e-01
3.222299516201019287e-01
3.352409005165100098e-01
3.371008932590484619e-01
3.346082568168640137e-01
3.285689055919647217e-01
3.334441781044006348e-01
3.392103314399719238e-01
3.263868689537048340e-01
3.318805396556854248e-01
3.155369460582733154e-01
3.311194777488708496e-01
3.259373307228088379e-01
3.268654048442840576e-01
3.375335633754730225e-01
3.388309180736541748e-01
3.359021246433258057e-01
3.447548449039459229e-01
3.303140103816986084e-01
3.424298465251922607e-01
3.310291767120361328e-01
3.397599160671234131e-01
3.254363238811492920e-01
3.332012593746185303e-01
3.220121860504150391e-01
3.382861614227294922e-01
3.203858733177185059e-01
3.269676864147186279e-01
3.229235708713531494e-01
3.381808698177337646e-01
3.259631693363189697e-01
3.301616311073303223e-01
3.428511023521423340e-01
3.175360560417175293e-01
3.257046341896057129e-01
3.561948239803314209e-01
3.392176628112792969e-01
3.390345871448516846e-01
3.392157256603240967e-01
3.217166364192962646e-01
3.342063426971435547e-01
3.315621018409729004e-01
3.227712512016296387e-01
3.358215987682342529e-01
3.668370842933654785e-01
3.289521634578704834e-01
3.292848467826843262e-01
3.403656184673309326e-01
3.299886882305145264e-01
3.353905379772186279e-01
3.390579819679260254e-01
3.299295902252197266e-01
3.355132937431335449e-01
3.263229131698608398e-01
3.355834484100341797e-01
3.299260437488555908e-01
3.341544568538665771e-01
3.381783068180084229e-01
3.354426324367523193e-01
3.252901136875152588e-01
3.221079409122467041e-01
3.359607160091400146e-01
3.336553275585174561e-01
3.438776433467864990e-01
3.239538669586181641e-01
3.278968930244445801e-01
3.295879065990447998e-01
3.299660384654998779e-01
3.348032236099243164e-01
3.367059230804443359e-01
3.269710540771484375e-01
3.400804698467254639e-01
3.290812075138092041e-01
3.282258212566375732e-01
3.268965184688568115e-01
3.450236916542053223e-01
3.454471528530120850e-01
3.189858794212341309e-01
3.238560259342193604e-01
3.406108319759368896e-01
3.314625024795532227e-01
3.335999548435211182e-01
3.315981924533843994e-01
3.301332890987396240e-01
3.336389064788818359e-01
3.301528394222259521e-01
3.204080462455749512e-01
3.334479629993438721e-01
3.264719545841217041e-01
3.223331570625305176e-01
3.356637358665466309e-01
3.267132341861724854e-01
3.231509625911712646e-01
3.329175710678100586e-01
3.445568084716796875e-01
3.253221511840820312e-01
3.337509930133819580e-01
3.306447267532348633e-01
3.253369331359863281e-01
3.378562629222869873e-01
3.264204561710357666e-01
3.290073871612548828e-01
3.288602828979492188e-01
3.240483701229095459e-01
3.432697355747222900e-01
3.552322089672088623e-01
3.328327834606170654e-01
3.359757065773010254e-01
3.180673122406005859e-01
3.293108940124511719e-01
3.301028311252593994e-01
3.141111433506011963e-01
3.411466181278228760e-01
3.305629193782806396e-01
3.229277729988098145e-01
3.279872834682464600e-01
3.270354866981506348e-01
3.172003328800201416e-01
3.441761434078216553e-01
3.430381119251251221e-01
3.228785097599029541e-01
3.211696743965148926e-01
3.225027620792388916e-01
3.431845605373382568e-01
3.571105003356933594e-01
3.321906328201293945e-01
3.259025812149047852e-01
3.297950327396392822e-01
3.319165408611297607e-01
3.310236632823944092e-01
3.264393806457519531e-01
3.210606276988983154e-01
3.475356400012969971e-01
3.279803693294525146e-01
3.363061547279357910e-01
3.365741074085235596e-01
3.305886685848236084e-01
3.351402282714843750e-01
3.267335593700408936e-01
3.289563953876495361e-01
3.225076794624328613e-01
3.214815557003021240e-01
3.272148072719573975e-01
3.203412592411041260e-01
3.223161399364471436e-01
3.177157938480377197e-01
3.252769410610198975e-01
3.380073606967926025e-01
3.308994770050048828e-01
3.246308267116546631e-01
3.257111608982086182e-01
3.198636472225189209e-01
3.222384452819824219e-01
3.310177326202392578e-01
3.240663707256317139e-01
3.244032561779022217e-01
3.329792320728302002e-01
3.362534046173095703e-01
3.348802626132965088e-01
3.226111829280853271e-01
3.306452929973602295e-01
3.441265225410461426e-01
3.221284747123718262e-01
3.249728679656982422e-01
3.148336708545684814e-01
3.498483002185821533e-01
3.281282782554626465e-01
3.288128077983856201e-01
3.340953290462493896e-01
3.330331742763519287e-01
3.246477544307708740e-01
3.152995109558105469e-01
3.332615792751312256e-01
3.398336768150329590e-01
3.346199393272399902e-01
3.335099518299102783e-01
3.235481679439544678e-01
3.314837515354156494e-01
3.593718707561492920e-01
3.303110897541046143e-01
3.385074734687805176e-01
3.188874721527099609e-01
3.315979540348052979e-01
3.290853500366210938e-01
3.294022977352142334e-01
3.203103542327880859e-01
3.268578946590423584e-01
3.247282207012176514e-01
3.233147561550140381e-01
3.319568336009979248e-01
3.359625041484832764e-01
3.334467709064483643e-01
3.286879956722259521e-01
3.144868314266204834e-01
3.347318172454833984e-01
3.367407917976379395e-01
3.468806445598602295e-01
3.417066335678100586e-01
3.360139429569244385e-01
3.353243470191955566e-01
3.397697806358337402e-01
3.248305022716522217e-01
3.333056867122650146e-01
3.566868305206298828e-01
3.266173899173736572e-01
3.334821164608001709e-01
3.377206325531005859e-01
3.232251107692718506e-01
3.439288437366485596e-01
3.240581154823303223e-01
3.256287276744842529e-01
3.253220021724700928e-01
3.329342007637023926e-01
3.213858604431152344e-01
3.252089619636535645e-01
3.430512845516204834e-01
3.296213448047637939e-01
3.388099074363708496e-01
3.050405383110046387e-01
3.177466094493865967e-01
3.425957262516021729e-01
3.161084353923797607e-01
3.228934109210968018e-01
3.306103944778442383e-01
3.256727755069732666e-01
3.319248855113983154e-01
3.292517364025115967e-01
3.289421796798706055e-01
3.191575706005096436e-01
3.246588408946990967e-01
3.275089263916015625e-01
3.100655972957611084e-01
3.318389952182769775e-01
3.149626851081848145e-01
3.247134685516357422e-01
3.291028439998626709e-01
3.329789340496063232e-01
3.184733390808105469e-01
3.267241418361663818e-01
3.242012262344360352e-01
3.265184164047241211e-01
3.237848281860351562e-01
3.222952783107757568e-01
3.272881209850311279e-01
3.236441314220428467e-01
3.217029273509979248e-01
3.239722549915313721e-01
3.119449615478515625e-01
3.293997943401336670e-01
3.360880911350250244e-01
3.180147111415863037e-01
3.306236863136291504e-01
3.161993324756622314e-01
3.421961069107055664e-01
3.291927874088287354e-01
3.194395005702972412e-01
3.296754360198974609e-01
3.193172216415405273e-01
3.212480843067169189e-01
3.168313503265380859e-01
3.390617966651916504e-01
3.175277411937713623e-01
3.233795166015625000e-01
3.246918916702270508e-01
3.230435550212860107e-01
3.398759365081787109e-01
3.383021354675292969e-01
3.264701366424560547e-01
3.265181779861450195e-01
3.174966275691986084e-01
3.264552056789398193e-01
3.209796845912933350e-01
3.219462335109710693e-01
3.409532010555267334e-01
3.367749154567718506e-01
3.200637698173522949e-01
3.291721343994140625e-01
3.351111412048339844e-01
3.200046718120574951e-01
3.374442160129547119e-01
3.274868428707122803e-01
3.248143494129180908e-01
3.288989663124084473e-01
3.274461925029754639e-01
3.307884633541107178e-01
3.358752429485321045e-01
3.327083289623260498e-01
3.259880244731903076e-01
3.376430273056030273e-01
3.170173168182373047e-01
3.183426260948181152e-01
3.096419274806976318e-01
3.183007240295410156e-01
3.287275135517120361e-01
3.120613992214202881e-01
3.325858116149902344e-01
3.271721899509429932e-01
3.190735280513763428e-01
3.245201706886291504e-01
3.172741532325744629e-01
3.336194157600402832e-01
3.271783292293548584e-01
3.122603893280029297e-01
3.272996842861175537e-01
3.445728719234466553e-01
3.120028674602508545e-01
3.185928165912628174e-01
3.200891911983489990e-01
3.161098361015319824e-01
3.454065918922424316e-01
3.415636718273162842e-01
3.306700885295867920e-01
3.244908750057220459e-01
3.164267241954803467e-01
3.271756768226623535e-01
3.247130513191223145e-01
3.156832158565521240e-01
3.198153972625732422e-01
3.283710777759552002e-01
3.297095596790313721e-01
3.317238986492156982e-01
3.204129636287689209e-01
3.321139514446258545e-01
3.276189267635345459e-01
3.186919689178466797e-01
3.388385474681854248e-01
3.410287797451019287e-01
3.144346177577972412e-01
3.216859996318817139e-01
3.204964697360992432e-01
3.219322860240936279e-01
3.193670213222503662e-01
3.178895115852355957e-01
3.245793282985687256e-01
3.149911463260650635e-01
3.119362294673919678e-01
3.379791080951690674e-01
3.437807261943817139e-01
3.250095546245574951e-01
3.185583055019378662e-01
3.251025378704071045e-01
3.262287974357604980e-01
3.149954378604888916e-01
3.201014101505279541e-01
3.358955085277557373e-01
3.135023713111877441e-01
3.467811048030853271e-01
3.329705297946929932e-01
3.281487226486206055e-01
3.346633017063140869e-01
3.199592530727386475e-01
3.200015127658843994e-01
3.297501802444458008e-01
3.297359943389892578e-01
3.156822919845581055e-01
3.366705179214477539e-01
3.216167986392974854e-01
3.262300193309783936e-01
3.357419967651367188e-01
3.296952545642852783e-01
3.212596178054809570e-01
3.186069428920745850e-01
3.266760408878326416e-01
3.094502389430999756e-01
3.186620175838470459e-01
3.466016948223114014e-01
3.087254166603088379e-01
3.206183910369873047e-01
3.300111889839172363e-01
3.246858119964599609e-01
3.176330029964447021e-01
3.115096092224121094e-01
3.179601430892944336e-01
3.202912509441375732e-01
3.229433894157409668e-01
3.194304108619689941e-01
3.206157982349395752e-01
3.254767954349517822e-01
3.127589821815490723e-01
3.135712146759033203e-01
3.225421905517578125e-01
3.407954871654510498e-01
3.321632444858551025e-01
3.325803875923156738e-01
3.165490329265594482e-01
3.254948556423187256e-01
3.128080368041992188e-01
3.294376432895660400e-01
3.310316205024719238e-01
3.299629390239715576e-01
3.216628730297088623e-01
3.194552361965179443e-01
3.262192606925964355e-01
3.169622421264648438e-01
3.233250081539154053e-01
3.140675127506256104e-01
3.354290127754211426e-01
3.122271001338958740e-01
3.305648267269134521e-01
3.293886184692382812e-01
3.473674654960632324e-01
3.301110863685607910e-01
3.251102566719055176e-01
3.174594640731811523e-01
3.323314487934112549e-01
3.343450129032135010e-01
3.158296048641204834e-01
3.158730566501617432e-01
3.146178126335144043e-01
3.290032148361206055e-01
3.208874762058258057e-01
3.135035634040832520e-01
3.233831226825714111e-01
3.190237879753112793e-01
3.172028064727783203e-01
3.139238953590393066e-01
3.133437931537628174e-01
3.183703124523162842e-01
3.185873627662658691e-01
3.127304017543792725e-01
3.177609443664550781e-01
3.301774263381958008e-01
3.223887085914611816e-01
3.255859315395355225e-01
3.199143111705780029e-01
3.144245743751525879e-01
3.168939054012298584e-01
3.196451365947723389e-01
3.217672705650329590e-01
3.153013288974761963e-01
3.140561580657958984e-01
3.181706368923187256e-01
3.194782435894012451e-01
3.157788813114166260e-01
3.425171673297882080e-01
3.257077634334564209e-01
3.212696611881256104e-01
3.398193717002868652e-01
3.289624750614166260e-01
3.247472941875457764e-01
3.247003555297851562e-01
3.345906734466552734e-01
3.203225135803222656e-01
3.250227868556976318e-01
3.324190974235534668e-01
3.369723856449127197e-01
3.160184323787689209e-01
3.257687985897064209e-01
3.321887850761413574e-01
3.316396176815032959e-01
3.198048472404479980e-01
3.207960426807403564e-01
3.101110458374023438e-01
3.131674826145172119e-01
3.109647035598754883e-01
3.196043670177459717e-01
3.327936828136444092e-01
3.329157531261444092e-01
3.203041255474090576e-01
3.174405694007873535e-01
3.303172290325164795e-01
3.153499662876129150e-01
3.041312694549560547e-01
3.263004422187805176e-01
3.125978410243988037e-01
3.179553449153900146e-01
3.327898085117340088e-01
3.098077774047851562e-01
3.316182494163513184e-01
3.306943476200103760e-01
3.089502453804016113e-01
3.209583461284637451e-01
3.155198395252227783e-01
3.242966830730438232e-01
3.282335400581359863e-01
3.188203573226928711e-01
3.062590062618255615e-01
3.167290687561035156e-01
3.114796280860900879e-01
3.290591835975646973e-01
3.127420842647552490e-01
3.066508471965789795e-01
3.086255192756652832e-01
3.405346274375915527e-01
3.197776973247528076e-01
3.205221295356750488e-01
3.372698724269866943e-01
3.320503234863281250e-01
3.071438372135162354e-01
3.202651441097259521e-01
3.239235579967498779e-01
3.249261677265167236e-01
3.163075149059295654e-01
3.224878907203674316e-01
3.204033076763153076e-01
3.392108380794525146e-01
3.243513405323028564e-01
3.142244219779968262e-01
3.168125152587890625e-01
3.180781602859497070e-01
3.215618133544921875e-01
3.252342343330383301e-01
3.236015439033508301e-01
3.468736112117767334e-01
3.294388949871063232e-01
3.126131594181060791e-01
3.264909684658050537e-01
3.237591683864593506e-01
3.312377631664276123e-01
3.266786038875579834e-01
3.272103965282440186e-01
3.432802557945251465e-01
3.101895749568939209e-01
3.281153738498687744e-01
3.094166815280914307e-01
3.259915411472320557e-01
3.193613588809967041e-01
3.279167711734771729e-01
3.127686977386474609e-01
3.215050697326660156e-01
3.133804500102996826e-01
3.135259747505187988e-01
3.149639964103698730e-01
3.254963457584381104e-01
3.341423273086547852e-01
3.256801068782806396e-01
3.119781017303466797e-01
3.212328851222991943e-01
3.378265798091888428e-01
3.225273191928863525e-01
3.332789838314056396e-01
3.110491931438446045e-01
3.193076252937316895e-01
3.228297829627990723e-01
3.331264555454254150e-01
3.330695033073425293e-01
3.214072883129119873e-01
3.277176320552825928e-01
3.227939605712890625e-01
3.057774007320404053e-01
3.064607083797454834e-01
3.278571665287017822e-01
3.301839232444763184e-01
3.142350316047668457e-01
3.217938542366027832e-01
3.228668272495269775e-01
3.238861560821533203e-01
3.314086496829986572e-01
3.217990100383758545e-01
3.248172998428344727e-01
3.218443989753723145e-01
3.067418038845062256e-01
3.196962773799896240e-01
3.244051039218902588e-01
3.091511428356170654e-01
3.208160996437072754e-01
3.186224699020385742e-01
3.207998275756835938e-01
3.083320260047912598e-01
3.361822068691253662e-01
3.161316812038421631e-01
3.121912181377410889e-01
3.216337859630584717e-01
3.049916625022888184e-01
3.141824901103973389e-01
3.136774897575378418e-01
3.237071037292480469e-01
3.145123720169067383e-01
3.119946122169494629e-01
3.140339851379394531e-01
3.261470794677734375e-01
3.139654695987701416e-01
3.001019656658172607e-01
3.317957222461700439e-01
3.068988323211669922e-01
3.280927240848541260e-01
3.272416293621063232e-01
3.279335200786590576e-01
3.064020574092864990e-01
3.311455845832824707e-01
3.238077461719512939e-01
3.162112236022949219e-01
3.078257143497467041e-01
3.231388330459594727e-01
3.110622167587280273e-01
3.265658020973205566e-01
3.242796063423156738e-01
3.216900527477264404e-01
3.110264241695404053e-01
3.525144755840301514e-01
3.197632730007171631e-01
3.504956364631652832e-01
3.189539909362792969e-01
3.254292309284210205e-01
3.156390190124511719e-01
3.206583559513092041e-01
3.374479711055755615e-01
3.245823383331298828e-01
3.103032708168029785e-01
3.446263968944549561e-01
3.228148519992828369e-01
3.000931143760681152e-01
3.202984631061553955e-01
3.337419331073760986e-01
3.123719394207000732e-01
3.279207348823547363e-01
3.182527720928192139e-01
3.203106820583343506e-01
3.166042864322662354e-01
3.221068382263183594e-01
3.202426135540008545e-01
3.215590119361877441e-01
3.232026994228363037e-01
3.172525465488433838e-01
3.205089569091796875e-01
3.040867447853088379e-01
3.184755146503448486e-01
3.132242858409881592e-01
3.346270620822906494e-01
3.220894038677215576e-01
3.235459923744201660e-01
3.120590150356292725e-01
3.211570382118225098e-01
2.998351752758026123e-01
3.114460408687591553e-01
3.232575356960296631e-01
3.125331103801727295e-01
3.162928223609924316e-01
3.189228177070617676e-01
3.114883005619049072e-01
3.085684478282928467e-01
3.231846392154693604e-01
3.156280219554901123e-01
3.179916441440582275e-01
3.227222859859466553e-01
3.089392483234405518e-01
3.139521181583404541e-01
3.106186985969543457e-01
3.195956647396087646e-01
3.000657856464385986e-01
3.041987121105194092e-01
3.313197493553161621e-01
3.173005282878875732e-01
3.235528767108917236e-01
3.173626363277435303e-01
3.048491477966308594e-01
3.382266163825988770e-01
3.045242726802825928e-01
3.110116422176361084e-01
3.158351480960845947e-01
3.063995838165283203e-01
3.121713101863861084e-01
3.285145461559295654e-01
3.121152520179748535e-01
3.097496032714843750e-01
3.228772282600402832e-01
3.318393528461456299e-01
3.139209151268005371e-01
3.212673664093017578e-01
3.033159673213958740e-01
3.139242827892303467e-01
3.259005248546600342e-01
3.179654181003570557e-01
3.174713551998138428e-01
3.137931525707244873e-01
3.195116221904754639e-01
3.089151978492736816e-01
3.257098793983459473e-01
3.274639546871185303e-01
3.116082251071929932e-01
3.017664551734924316e-01
3.281069993972778320e-01
3.129150569438934326e-01
3.243514597415924072e-01
3.439823687076568604e-01
3.163830935955047607e-01
3.009428679943084717e-01
3.403438031673431396e-01
3.233880996704101562e-01
3.131003081798553467e-01
3.124615550041198730e-01
3.063657879829406738e-01
3.209570348262786865e-01
3.141841292381286621e-01
3.099046945571899414e-01
