6.692691445350646973e-01
6.702940464019775391e-01
6.890028119087219238e-01
6.761247515678405762e-01
6.445166468620300293e-01
6.196969151496887207e-01
6.339853405952453613e-01
6.143434643745422363e-01
6.175255775451660156e-01
5.968229174613952637e-01
6.074570417404174805e-01
5.908558964729309082e-01
5.965477824211120605e-01
5.807213783264160156e-01
5.683542490005493164e-01
5.594661235809326172e-01
5.531660914421081543e-01
5.602027177810668945e-01
5.655711293220520020e-01
5.411057472229003906e-01
5.638413429260253906e-01
5.509184002876281738e-01
5.444521307945251465e-01
5.412518382072448730e-01
5.485997200012207031e-01
5.297806859016418457e-01
5.270771384239196777e-01
5.403553843498229980e-01
5.260826349258422852e-01
5.174215435981750488e-01
5.405268669128417969e-01
5.194339156150817871e-01
5.064731836318969727e-01
5.181716084480285645e-01
4.969312846660614014e-01
5.146968960762023926e-01
5.145775675773620605e-01
5.133533477783203125e-01
5.067929029464721680e-01
5.049626231193542480e-01
5.070402026176452637e-01
4.953595101833343506e-01
4.977163374423980713e-01
4.938232898712158203e-01
4.910564124584197998e-01
4.867502152919769287e-01
5.074834823608398438e-01
4.871433377265930176e-01
4.818244874477386475e-01
4.836788177490234375e-01
4.750916659832000732e-01
4.885081946849822998e-01
4.745555818080902100e-01
4.993493258953094482e-01
4.797612130641937256e-01
4.718971848487854004e-01
4.676466882228851318e-01
4.595760405063629150e-01
4.623435139656066895e-01
4.686335623264312744e-01
4.654605090618133545e-01
4.645066261291503906e-01
4.597385525703430176e-01
4.535585343837738037e-01
4.528662264347076416e-01
4.639251828193664551e-01
4.597155749797821045e-01
4.635855257511138916e-01
4.682594239711761475e-01
4.608099162578582764e-01
4.452149569988250732e-01
4.574574530124664307e-01
4.517279565334320068e-01
4.417154490947723389e-01
4.284999072551727295e-01
4.423234164714813232e-01
4.362969398498535156e-01
4.560474455356597900e-01
4.318614602088928223e-01
4.415206015110015869e-01
4.276522696018218994e-01
4.568083882331848145e-01
4.293729960918426514e-01
4.381976723670959473e-01
4.289317131042480469e-01
4.292910099029541016e-01
4.204667508602142334e-01
4.315663874149322510e-01
4.189222753047943115e-01
4.185374677181243896e-01
4.269593358039855957e-01
4.137925207614898682e-01
4.202909171581268311e-01
4.188269674777984619e-01
4.208713173866271973e-01
4.280491471290588379e-01
4.169293940067291260e-01
4.145873188972473145e-01
4.158631265163421631e-01
4.212224483489990234e-01
4.229894280433654785e-01
4.165476262569427490e-01
4.091795980930328369e-01
4.138385355472564697e-01
4.102234840393066406e-01
4.177624881267547607e-01
4.146820008754730225e-01
4.041695296764373779e-01
4.041039645671844482e-01
4.023027420043945312e-01
4.062241613864898682e-01
4.029599130153656006e-01
4.027667939662933350e-01
4.042399525642395020e-01
3.988246619701385498e-01
4.083296954631805420e-01
3.991865813732147217e-01
3.957977294921875000e-01
3.976317644119262695e-01
4.022171497344970703e-01
3.989711701869964600e-01
4.008431434631347656e-01
3.924176096916198730e-01
3.834478557109832764e-01
3.948963582515716553e-01
3.860206902027130127e-01
3.988375365734100342e-01
3.911796808242797852e-01
3.917778432369232178e-01
4.010034501552581787e-01
3.875058591365814209e-01
3.916800022125244141e-01
3.975782394409179688e-01
3.864021301269531250e-01
3.890214264392852783e-01
3.986229896545410156e-01
4.110021293163299561e-01
3.838154673576354980e-01
3.918218314647674561e-01
3.881530463695526123e-01
3.951429724693298340e-01
3.751018047332763672e-01
3.761780858039855957e-01
3.740279078483581543e-01
3.890193998813629150e-01
3.827427923679351807e-01
3.840536773204803467e-01
3.791896402835845947e-01
3.771484196186065674e-01
3.723357617855072021e-01
3.845504820346832275e-01
3.720003068447113037e-01
3.761037886142730713e-01
3.816628158092498779e-01
3.824554979801177979e-01
3.800094127655029297e-01
3.700125813484191895e-01
3.721724450588226318e-01
3.726188838481903076e-01
3.767746984958648682e-01
3.735003471374511719e-01
3.729703724384307861e-01
3.730841279029846191e-01
3.664599359035491943e-01
3.694271743297576904e-01
3.641285896301269531e-01
3.726723194122314453e-01
3.653859794139862061e-01
3.646519482135772705e-01
3.751253783702850342e-01
3.715740144252777100e-01
3.741867840290069580e-01
3.806329667568206787e-01
3.709662854671478271e-01
3.637353777885437012e-01
3.705106675624847412e-01
3.746196925640106201e-01
3.788133263587951660e-01
3.562658429145812988e-01
3.793790340423583984e-01
3.605841994285583496e-01
3.697379827499389648e-01
3.649072349071502686e-01
3.615383207798004150e-01
3.581809997558593750e-01
3.573097586631774902e-01
3.620451390743255615e-01
3.655243217945098877e-01
3.604728877544403076e-01
3.673604130744934082e-01
3.575242459774017334e-01
3.602175712585449219e-01
3.747655153274536133e-01
3.630948364734649658e-01
3.615840673446655273e-01
3.582268655300140381e-01
3.530988395214080811e-01
3.644976317882537842e-01
3.618268966674804688e-01
3.560705780982971191e-01
3.559099733829498291e-01
3.551685810089111328e-01
3.524732589721679688e-01
3.539344668388366699e-01
3.497889935970306396e-01
3.571595251560211182e-01
3.614118099212646484e-01
3.599723279476165771e-01
3.511081933975219727e-01
3.516106605529785156e-01
3.639899790287017822e-01
3.635016381740570068e-01
3.538147509098052979e-01
3.517937362194061279e-01
3.581590354442596436e-01
3.464806973934173584e-01
3.562192320823669434e-01
3.567553460597991943e-01
3.466396331787109375e-01
3.447975814342498779e-01
3.601305186748504639e-01
3.577378392219543457e-01
3.562145233154296875e-01
3.471639454364776611e-01
3.488530218601226807e-01
3.445994257926940918e-01
3.526063859462738037e-01
3.425594270229339600e-01
3.405293524265289307e-01
3.470610678195953369e-01
3.417738080024719238e-01
3.456744849681854248e-01
3.457256555557250977e-01
3.509464859962463379e-01
3.440010845661163330e-01
3.467952907085418701e-01
3.455956280231475830e-01
3.438292443752288818e-01
3.487643599510192871e-01
3.384845852851867676e-01
3.388995230197906494e-01
3.422690331935882568e-01
3.471177220344543457e-01
3.436940610408782959e-01
3.411959707736968994e-01
3.440283834934234619e-01
3.427929580211639404e-01
3.309254646301269531e-01
3.305567204952239990e-01
3.325143754482269287e-01
3.466730415821075439e-01
3.463387787342071533e-01
3.362206220626831055e-01
3.388178050518035889e-01
3.451016247272491455e-01
3.382409512996673584e-01
3.384092748165130615e-01
3.319813907146453857e-01
3.322990536689758301e-01
3.426247537136077881e-01
3.417310714721679688e-01
3.387068212032318115e-01
3.461112976074218750e-01
3.440286815166473389e-01
3.332440257072448730e-01
3.415944576263427734e-01
3.440360724925994873e-01
3.381249904632568359e-01
3.385289609432220459e-01
3.488817512989044189e-01
3.332088887691497803e-01
3.290660083293914795e-01
3.335804045200347900e-01
3.440482318401336670e-01
3.373939990997314453e-01
3.378872573375701904e-01
3.301999568939208984e-01
3.332139849662780762e-01
3.390822112560272217e-01
3.254729509353637695e-01
3.285160660743713379e-01
3.248108923435211182e-01
3.352567255496978760e-01
3.367043435573577881e-01
3.369402885437011719e-01
3.323729932308197021e-01
3.292950689792633057e-01
3.295197486877441406e-01
3.391042351722717285e-01
3.331006765365600586e-01
3.307350277900695801e-01
3.381176590919494629e-01
3.355602920055389404e-01
3.277742862701416016e-01
3.348610997200012207e-01
3.522675633430480957e-01
3.402361571788787842e-01
3.293419778347015381e-01
3.239720463752746582e-01
3.272848725318908691e-01
3.295409381389617920e-01
3.390728533267974854e-01
3.285547792911529541e-01
3.306160271167755127e-01
3.243307173252105713e-01
3.220897316932678223e-01
3.213286995887756348e-01
3.270210325717926025e-01
3.308751285076141357e-01
3.329546451568603516e-01
3.266398608684539795e-01
3.272512257099151611e-01
3.270443081855773926e-01
3.187145590782165527e-01
3.188803493976593018e-01
3.330982327461242676e-01
3.289921879768371582e-01
3.246151208877563477e-01
3.214667439460754395e-01
3.261963725090026855e-01
3.357769846916198730e-01
3.363150656223297119e-01
3.199345767498016357e-01
3.310859799385070801e-01
3.273896872997283936e-01
3.217942118644714355e-01
3.188225924968719482e-01
3.204837739467620850e-01
3.254379928112030029e-01
3.236781954765319824e-01
3.225629329681396484e-01
3.246771991252899170e-01
3.243227005004882812e-01
3.200215995311737061e-01
3.204783499240875244e-01
3.162240982055664062e-01
3.266715109348297119e-01
3.224750161170959473e-01
3.224053382873535156e-01
3.129996955394744873e-01
3.302468359470367432e-01
3.175566196441650391e-01
3.198116719722747803e-01
3.378987014293670654e-01
3.245705068111419678e-01
3.276245296001434326e-01
3.208312094211578369e-01
3.156853020191192627e-01
3.194727599620819092e-01
3.131032586097717285e-01
3.183932006359100342e-01
3.164369761943817139e-01
3.221412301063537598e-01
3.216429650783538818e-01
3.158552646636962891e-01
3.114595711231231689e-01
3.171806931495666504e-01
3.178466260433197021e-01
3.197861611843109131e-01
3.293961286544799805e-01
3.124707639217376709e-01
3.274939358234405518e-01
3.142710626125335693e-01
3.127895891666412354e-01
3.122033178806304932e-01
3.119187355041503906e-01
3.274795711040496826e-01
3.136237561702728271e-01
3.291968107223510742e-01
3.148213326930999756e-01
3.293401002883911133e-01
3.232885301113128662e-01
3.224327564239501953e-01
3.268568515777587891e-01
3.104398548603057861e-01
3.123522698879241943e-01
3.131285607814788818e-01
3.186458051204681396e-01
3.199235200881958008e-01
3.113214075565338135e-01
3.178654611110687256e-01
3.042097985744476318e-01
3.088712096214294434e-01
3.197910785675048828e-01
3.206975758075714111e-01
3.081769347190856934e-01
3.157757818698883057e-01
3.073788583278656006e-01
3.253318071365356445e-01
3.096809089183807373e-01
3.090081810951232910e-01
3.086297214031219482e-01
3.065392673015594482e-01
3.168556094169616699e-01
3.076625764369964600e-01
3.025272786617279053e-01
3.088177144527435303e-01
3.021583557128906250e-01
3.104222416877746582e-01
3.057495951652526855e-01
3.120880126953125000e-01
3.087081611156463623e-01
3.016896545886993408e-01
3.066258430480957031e-01
3.297022879123687744e-01
3.028421700000762939e-01
3.065565228462219238e-01
3.098733127117156982e-01
3.062047660350799561e-01
3.072169721126556396e-01
3.082362115383148193e-01
3.044181764125823975e-01
3.056983947753906250e-01
3.061628341674804688e-01
3.053923249244689941e-01
3.035223782062530518e-01
3.161697387695312500e-01
3.038647174835205078e-01
3.092687726020812988e-01
3.188646733760833740e-01
3.041143417358398438e-01
3.013995587825775146e-01
3.054698407649993896e-01
3.023786246776580811e-01
3.071971237659454346e-01
3.049547374248504639e-01
3.055559694766998291e-01
3.094457387924194336e-01
2.991576492786407471e-01
3.025835156440734863e-01
3.079436719417572021e-01
2.986098229885101318e-01
3.014166057109832764e-01
3.014734387397766113e-01
3.013155460357666016e-01
3.160448968410491943e-01
3.060155510902404785e-01
2.998908460140228271e-01
3.137383759021759033e-01
3.012527525424957275e-01
3.129578530788421631e-01
2.948730587959289551e-01
3.226176202297210693e-01
2.970332205295562744e-01
3.246650397777557373e-01
3.007790744304656982e-01
3.196621537208557129e-01
3.007619082927703857e-01
2.998408973217010498e-01
3.024161458015441895e-01
2.980849444866180420e-01
3.021953999996185303e-01
3.179217875003814697e-01
3.015384674072265625e-01
3.055453896522521973e-01
2.971785962581634521e-01
3.028200566768646240e-01
3.172767758369445801e-01
2.952721714973449707e-01
2.958732545375823975e-01
2.978695333003997803e-01
2.968195080757141113e-01
2.956387400627136230e-01
2.962616384029388428e-01
3.092257082462310791e-01
2.982675731182098389e-01
2.955172657966613770e-01
2.942874133586883545e-01
2.988017499446868896e-01
3.001002371311187744e-01
2.984094917774200439e-01
2.991018891334533691e-01
2.947145104408264160e-01
2.925614714622497559e-01
3.058042228221893311e-01
3.055357635021209717e-01
2.889165878295898438e-01
2.891308963298797607e-01
2.987856566905975342e-01
3.077494204044342041e-01
3.117990493774414062e-01
2.938462197780609131e-01
2.906832695007324219e-01
2.897677123546600342e-01
2.973231375217437744e-01
2.955170273780822754e-01
2.969003319740295410e-01
3.191896975040435791e-01
3.103717863559722900e-01
3.102948665618896484e-01
2.950641810894012451e-01
2.912151515483856201e-01
2.921629846096038818e-01
3.087729811668395996e-01
3.024265766143798828e-01
2.909583449363708496e-01
2.978583276271820068e-01
2.947861850261688232e-01
2.920215427875518799e-01
3.002826571464538574e-01
2.915349304676055908e-01
2.983425259590148926e-01
2.924627661705017090e-01
2.941673994064331055e-01
2.876454889774322510e-01
3.152747154235839844e-01
2.938849031925201416e-01
3.013540208339691162e-01
2.938096225261688232e-01
2.898652553558349609e-01
2.876941859722137451e-01
3.242869079113006592e-01
2.911953628063201904e-01
2.863506972789764404e-01
2.926796078681945801e-01
2.944198548793792725e-01
2.836325466632843018e-01
2.890629768371582031e-01
2.975534200668334961e-01
2.936263978481292725e-01
2.861351072788238525e-01
2.820234894752502441e-01
2.959356009960174561e-01
2.932915687561035156e-01
2.949054539203643799e-01
2.908210456371307373e-01
2.904678881168365479e-01
2.841492593288421631e-01
2.895970046520233154e-01
2.845323085784912109e-01
2.843304574489593506e-01
2.933946251869201660e-01
2.872332036495208740e-01
2.814709246158599854e-01
2.977470159530639648e-01
3.008715510368347168e-01
2.903292477130889893e-01
2.940928936004638672e-01
2.836307287216186523e-01
2.918394804000854492e-01
2.831786572933197021e-01
2.924897670745849609e-01
2.819738388061523438e-01
2.877096533775329590e-01
2.909030914306640625e-01
2.934742867946624756e-01
3.082219958305358887e-01
2.824730575084686279e-01
2.874190509319305420e-01
2.874918282032012939e-01
2.876999080181121826e-01
2.974185645580291748e-01
2.904234528541564941e-01
2.928473055362701416e-01
3.025721311569213867e-01
2.869850397109985352e-01
2.870534062385559082e-01
2.912014424800872803e-01
2.885002195835113525e-01
2.905818223953247070e-01
2.801484465599060059e-01
2.900880277156829834e-01
2.862022817134857178e-01
2.850297093391418457e-01
2.863645255565643311e-01
2.778953015804290771e-01
2.824445664882659912e-01
2.842416167259216309e-01
2.884752750396728516e-01
2.881539762020111084e-01
2.837269008159637451e-01
2.861965596675872803e-01
2.961999773979187012e-01
2.860847413539886475e-01
2.809715270996093750e-01
2.785510718822479248e-01
2.878158986568450928e-01
2.927422225475311279e-01
2.926248013973236084e-01
2.867629230022430420e-01
2.809976041316986084e-01
2.845447957515716553e-01
2.873989045619964600e-01
2.759108543395996094e-01
2.787055373191833496e-01
2.797164916992187500e-01
2.773142755031585693e-01
2.750573158264160156e-01
2.769272029399871826e-01
2.946304976940155029e-01
2.933550775051116943e-01
2.770062088966369629e-01
2.844969034194946289e-01
2.826314568519592285e-01
2.781440019607543945e-01
2.833393514156341553e-01
2.873612940311431885e-01
2.847851812839508057e-01
2.870169281959533691e-01
2.750745117664337158e-01
2.817434370517730713e-01
2.843109667301177979e-01
2.813318371772766113e-01
2.798167765140533447e-01
2.827884554862976074e-01
2.849626839160919189e-01
2.739301025867462158e-01
2.795327603816986084e-01
2.901058495044708252e-01
2.785837352275848389e-01
2.797056138515472412e-01
2.853922843933105469e-01
2.780546247959136963e-01
2.754411697387695312e-01
2.759938538074493408e-01
3.131091296672821045e-01
2.793484330177307129e-01
3.094163835048675537e-01
2.827764451503753662e-01
2.794847488403320312e-01
2.774333655834197998e-01
2.791062593460083008e-01
2.750982344150543213e-01
2.802611589431762695e-01
2.747804522514343262e-01
2.814148962497711182e-01
2.745745778083801270e-01
2.766036689281463623e-01
2.782333791255950928e-01
2.773509621620178223e-01
2.747986912727355957e-01
2.764018476009368896e-01
2.734867036342620850e-01
2.864526808261871338e-01
2.822099924087524414e-01
2.767755985260009766e-01
2.740834057331085205e-01
2.768720686435699463e-01
2.686000466346740723e-01
2.809067368507385254e-01
2.810763120651245117e-01
2.765066325664520264e-01
2.768257260322570801e-01
2.732463777065277100e-01
2.749530971050262451e-01
2.833465337753295898e-01
2.852717339992523193e-01
2.730204761028289795e-01
2.767340838909149170e-01
2.737420499324798584e-01
2.880006730556488037e-01
2.832595407962799072e-01
2.745695710182189941e-01
2.758572995662689209e-01
2.722828686237335205e-01
2.730290591716766357e-01
2.783392071723937988e-01
2.699465453624725342e-01
2.693671286106109619e-01
2.772061824798583984e-01
2.730050683021545410e-01
2.725963294506072998e-01
2.728199362754821777e-01
2.743897140026092529e-01
2.697495818138122559e-01
2.694628834724426270e-01
2.748560607433319092e-01
2.866276204586029053e-01
2.698600888252258301e-01
2.698474228382110596e-01
2.679982185363769531e-01
2.728767096996307373e-01
2.739923894405364990e-01
2.692571282386779785e-01
2.732468247413635254e-01
2.889979183673858643e-01
2.690658271312713623e-01
2.691753804683685303e-01
2.899847626686096191e-01
2.695779800415039062e-01
2.670384049415588379e-01
2.714876830577850342e-01
2.774057090282440186e-01
3.007817268371582031e-01
2.694586813449859619e-01
2.721586227416992188e-01
2.711971700191497803e-01
2.806723713874816895e-01
2.720379829406738281e-01
2.686086595058441162e-01
2.695347964763641357e-01
2.775804996490478516e-01
2.748326063156127930e-01
2.722723484039306641e-01
2.703007161617279053e-01
2.705772817134857178e-01
2.710340619087219238e-01
2.659901380538940430e-01
2.679458558559417725e-01
2.660853564739227295e-01
2.793512046337127686e-01
2.677023112773895264e-01
2.692527770996093750e-01
2.731946408748626709e-01
2.699608802795410156e-01
2.724289000034332275e-01
2.656776607036590576e-01
2.658837735652923584e-01
3.014625012874603271e-01
2.769927382469177246e-01
2.736928164958953857e-01
2.710015475749969482e-01
2.631100714206695557e-01
2.752257287502288818e-01
2.643002867698669434e-01
2.770541310310363770e-01
2.648750543594360352e-01
2.677390575408935547e-01
2.687478959560394287e-01
2.716082334518432617e-01
2.700670659542083740e-01
2.680149376392364502e-01
2.674881815910339355e-01
2.694613635540008545e-01
2.668979763984680176e-01
2.639653980731964111e-01
2.635692358016967773e-01
2.736481726169586182e-01
2.724001109600067139e-01
2.661861479282379150e-01
2.680154442787170410e-01
2.658901512622833252e-01
2.728244066238403320e-01
2.780826985836029053e-01
2.620250284671783447e-01
2.903414368629455566e-01
2.716985940933227539e-01
2.639427185058593750e-01
2.631824910640716553e-01
2.692583501338958740e-01
2.636762559413909912e-01
2.630793750286102295e-01
2.866042554378509521e-01
2.642800807952880859e-01
2.643156945705413818e-01
2.688956260681152344e-01
2.687049508094787598e-01
2.794396579265594482e-01
2.633636295795440674e-01
2.679392993450164795e-01
2.673636376857757568e-01
2.786802351474761963e-01
2.694587707519531250e-01
2.650544941425323486e-01
2.688391804695129395e-01
2.675909399986267090e-01
2.646058499813079834e-01
2.712353169918060303e-01
2.630670368671417236e-01
2.719344198703765869e-01
2.651911675930023193e-01
2.724539339542388916e-01
2.605338990688323975e-01
2.646809816360473633e-01
2.693095505237579346e-01
2.648286819458007812e-01
2.716666162014007568e-01
2.610359191894531250e-01
2.709259688854217529e-01
2.626067101955413818e-01
2.624649703502655029e-01
2.681339979171752930e-01
2.598543465137481689e-01
2.721745967864990234e-01
2.720119953155517578e-01
2.645590007305145264e-01
2.650333344936370850e-01
2.646141946315765381e-01
2.614549696445465088e-01
2.610969245433807373e-01
2.630538940429687500e-01
2.644253373146057129e-01
2.629182040691375732e-01
2.629300057888031006e-01
2.584089040756225586e-01
2.633514404296875000e-01
2.776006162166595459e-01
2.721553146839141846e-01
2.640218436717987061e-01
2.774299085140228271e-01
2.580559253692626953e-01
2.558312118053436279e-01
2.589587569236755371e-01
2.581690847873687744e-01
2.705650329589843750e-01
2.613340318202972412e-01
2.699594795703887939e-01
2.621719539165496826e-01
2.650979459285736084e-01
2.646665275096893311e-01
2.660631835460662842e-01
2.732541263103485107e-01
2.634910047054290771e-01
2.619884610176086426e-01
2.573004662990570068e-01
2.615747749805450439e-01
2.603228986263275146e-01
2.607989013195037842e-01
2.608227133750915527e-01
2.602171897888183594e-01
2.719341814517974854e-01
2.657172381877899170e-01
2.564142048358917236e-01
2.589595317840576172e-01
2.555072009563446045e-01
2.564670145511627197e-01
2.607571184635162354e-01
2.779530584812164307e-01
2.598758041858673096e-01
2.705056369304656982e-01
2.622084319591522217e-01
2.601648271083831787e-01
2.646888196468353271e-01
2.570915520191192627e-01
2.583036124706268311e-01
2.687079310417175293e-01
2.597603499889373779e-01
2.838603556156158447e-01
2.577367424964904785e-01
2.547119557857513428e-01
2.618182301521301270e-01
2.581372857093811035e-01
2.637165486812591553e-01
2.565291821956634521e-01
2.656508386135101318e-01
2.614432275295257568e-01
2.718641757965087891e-01
2.539540231227874756e-01
2.587469518184661865e-01
2.582060396671295166e-01
2.607186734676361084e-01
2.600897252559661865e-01
2.555033266544342041e-01
2.641707360744476318e-01
2.557981908321380615e-01
2.599985301494598389e-01
2.564242780208587646e-01
2.549354135990142822e-01
2.590135037899017334e-01
2.576154172420501709e-01
2.597646117210388184e-01
2.570797502994537354e-01
2.589970529079437256e-01
2.551211416721343994e-01
2.594845294952392578e-01
2.580513656139373779e-01
2.670160233974456787e-01
2.590462267398834229e-01
2.602412700653076172e-01
2.509104311466217041e-01
2.650817930698394775e-01
2.542224824428558350e-01
2.531839311122894287e-01
2.704053521156311035e-01
2.595169544219970703e-01
2.587203681468963623e-01
2.564332783222198486e-01
2.655585408210754395e-01
2.540043890476226807e-01
2.600726187229156494e-01
2.609310746192932129e-01
2.549541294574737549e-01
2.539039254188537598e-01
2.554919123649597168e-01
2.553231418132781982e-01
2.563446462154388428e-01
2.563591003417968750e-01
2.515465021133422852e-01
2.733679711818695068e-01
2.621377110481262207e-01
2.572031915187835693e-01
2.648054063320159912e-01
2.580876946449279785e-01
2.645621895790100098e-01
2.740060091018676758e-01
2.506864070892333984e-01
2.623578011989593506e-01
2.521721422672271729e-01
2.545835971832275391e-01
2.571423649787902832e-01
2.563149631023406982e-01
2.535963356494903564e-01
2.541964650154113770e-01
2.636965811252593994e-01
2.538537681102752686e-01
2.576052546501159668e-01
2.552827298641204834e-01
2.563826143741607666e-01
2.468738108873367310e-01
2.604500949382781982e-01
2.539085745811462402e-01
2.581187784671783447e-01
2.627672851085662842e-01
2.633379995822906494e-01
2.509123384952545166e-01
2.553458213806152344e-01
2.538565099239349365e-01
2.587326467037200928e-01
2.526250481605529785e-01
2.492435276508331299e-01
2.619944810867309570e-01
2.516297399997711182e-01
2.547278702259063721e-01
2.500743865966796875e-01
2.538105845451354980e-01
2.562637329101562500e-01
2.565727531909942627e-01
2.539468407630920410e-01
2.531361281871795654e-01
2.506780326366424561e-01
2.564279735088348389e-01
2.643397450447082520e-01
2.795317173004150391e-01
2.534484565258026123e-01
2.552960813045501709e-01
2.547078132629394531e-01
2.536247670650482178e-01
2.615852057933807373e-01
2.564949095249176025e-01
2.581554949283599854e-01
2.552262842655181885e-01
2.483898699283599854e-01
2.539595067501068115e-01
2.642083168029785156e-01
2.481620609760284424e-01
2.575599253177642822e-01
2.607362866401672363e-01
2.466676682233810425e-01
2.558881342411041260e-01
2.558852136135101318e-01
2.516271471977233887e-01
2.519366443157196045e-01
2.501255571842193604e-01
2.519676089286804199e-01
2.503443956375122070e-01
2.480465471744537354e-01
2.648954987525939941e-01
2.510813772678375244e-01
2.514610588550567627e-01
2.632764279842376709e-01
2.506965696811676025e-01
2.483497709035873413e-01
2.765156030654907227e-01
2.512545585632324219e-01
2.501148879528045654e-01
2.474312335252761841e-01
2.544481456279754639e-01
2.520484626293182373e-01
2.501054406166076660e-01
2.501273751258850098e-01
2.551041245460510254e-01
2.549644112586975098e-01
2.445242851972579956e-01
2.490998506546020508e-01
2.543190717697143555e-01
2.588185369968414307e-01
2.486131489276885986e-01
2.537859082221984863e-01
2.595167458057403564e-01
2.501183450222015381e-01
2.476959228515625000e-01
2.525969445705413818e-01
2.571171224117279053e-01
2.553279697895050049e-01
2.563771903514862061e-01
2.521060109138488770e-01
2.511561512947082520e-01
2.474501579999923706e-01
2.485672533512115479e-01
2.647244334220886230e-01
2.552622258663177490e-01
2.511028945446014404e-01
2.459373027086257935e-01
2.553498446941375732e-01
2.495772093534469604e-01
2.602996528148651123e-01
2.499412596225738525e-01
2.481992095708847046e-01
2.480546683073043823e-01
2.494169324636459351e-01
2.495856136083602905e-01
2.484650909900665283e-01
2.484207153320312500e-01
2.475624829530715942e-01
2.591779828071594238e-01
2.466945201158523560e-01
2.679553925991058350e-01
2.505082190036773682e-01
2.490668743848800659e-01
2.501038014888763428e-01
2.777608036994934082e-01
2.500665783882141113e-01
2.598461210727691650e-01
2.443375885486602783e-01
2.490846216678619385e-01
2.470818012952804565e-01
2.486458271741867065e-01
2.605774402618408203e-01
2.522881329059600830e-01
2.497245818376541138e-01
2.457820475101470947e-01
2.496049404144287109e-01
2.463460415601730347e-01
2.515679299831390381e-01
2.663963437080383301e-01
2.441151589155197144e-01
2.473614513874053955e-01
2.455847263336181641e-01
2.512080073356628418e-01
2.497638911008834839e-01
2.472487986087799072e-01
2.515055239200592041e-01
2.461910992860794067e-01
2.450267374515533447e-01
2.468333691358566284e-01
2.489174455404281616e-01
2.444957345724105835e-01
2.473395615816116333e-01
2.614988982677459717e-01
2.511193454265594482e-01
2.471912950277328491e-01
2.399166673421859741e-01
2.459116727113723755e-01
2.481909096240997314e-01
2.472381889820098877e-01
2.448287010192871094e-01
2.448989599943161011e-01
2.508157789707183838e-01
2.530536651611328125e-01
2.472522556781768799e-01
2.413169890642166138e-01
2.404765933752059937e-01
2.421044856309890747e-01
2.460125535726547241e-01
2.502985894680023193e-01
2.442052811384201050e-01
2.453892230987548828e-01
2.525942325592041016e-01
2.487526983022689819e-01
2.462169378995895386e-01
2.458619922399520874e-01
2.440612167119979858e-01
2.411129772663116455e-01
2.507545053958892822e-01
2.467086762189865112e-01
2.456208318471908569e-01
2.435297220945358276e-01
2.409907430410385132e-01
2.446344345808029175e-01
2.532766461372375488e-01
2.510728538036346436e-01
2.475143522024154663e-01
2.462272644042968750e-01
2.435365170240402222e-01
2.483489066362380981e-01
2.488430589437484741e-01
2.400597184896469116e-01
2.423563450574874878e-01
2.471827119588851929e-01
2.580565214157104492e-01
2.405787259340286255e-01
2.638610303401947021e-01
2.448452711105346680e-01
2.403871268033981323e-01
2.419980317354202271e-01
2.406699955463409424e-01
2.436179667711257935e-01
2.455296963453292847e-01
2.580229938030242920e-01
2.437736839056015015e-01
2.526090145111083984e-01
2.418651580810546875e-01
2.471200972795486450e-01
2.492709606885910034e-01
2.491554021835327148e-01
2.557310461997985840e-01
2.484204620122909546e-01
2.414886504411697388e-01
2.494823485612869263e-01
2.410921156406402588e-01
2.409699261188507080e-01
2.527935802936553955e-01
2.443895637989044189e-01
2.404273301362991333e-01
2.509900033473968506e-01
2.386891394853591919e-01
2.556823194026947021e-01
2.564623057842254639e-01
2.424399852752685547e-01
2.457476407289505005e-01
2.404368966817855835e-01
2.393249124288558960e-01
2.645163536071777344e-01
2.410756349563598633e-01
2.486378252506256104e-01
2.435366660356521606e-01
2.412000000476837158e-01
2.433184385299682617e-01
2.652432918548583984e-01
2.525231540203094482e-01
2.453365772962570190e-01
2.418227493762969971e-01
2.444612979888916016e-01
2.404307126998901367e-01
2.425192147493362427e-01
2.436712086200714111e-01
2.411220818758010864e-01
2.464194744825363159e-01
2.412683069705963135e-01
2.451437264680862427e-01
2.382509708404541016e-01
2.377704679965972900e-01
2.457254379987716675e-01
2.425082176923751831e-01
2.460804283618927002e-01
2.407433837652206421e-01
2.511412799358367920e-01
2.405032962560653687e-01
2.389416694641113281e-01
2.501406371593475342e-01
2.434502393007278442e-01
2.468532621860504150e-01
2.401823103427886963e-01
2.549565732479095459e-01
2.393304556608200073e-01
2.395821064710617065e-01
2.480804920196533203e-01
2.431838959455490112e-01
2.415303736925125122e-01
2.409160584211349487e-01
2.405224591493606567e-01
2.377296537160873413e-01
2.385177165269851685e-01
2.425306588411331177e-01
2.500118017196655273e-01
2.407816946506500244e-01
2.445916682481765747e-01
2.392522543668746948e-01
2.468481063842773438e-01
2.421229630708694458e-01
2.363125085830688477e-01
2.359196245670318604e-01
2.361003458499908447e-01
2.421567738056182861e-01
2.482716590166091919e-01
2.439690083265304565e-01
2.421755790710449219e-01
2.406386137008666992e-01
2.422650903463363647e-01
2.350655645132064819e-01
2.384589463472366333e-01
2.394402027130126953e-01
2.517045438289642334e-01
2.383097857236862183e-01
2.425706386566162109e-01
2.398663312196731567e-01
2.402178794145584106e-01
2.385365962982177734e-01
2.426488399505615234e-01
2.406236231327056885e-01
2.337510138750076294e-01
2.430295050144195557e-01
2.608632445335388184e-01
2.395828217267990112e-01
2.361162006855010986e-01
2.405323535203933716e-01
2.459476292133331299e-01
2.392359972000122070e-01
2.457734346389770508e-01
2.387534677982330322e-01
2.386687844991683960e-01
2.346464246511459351e-01
2.432781010866165161e-01
2.384584695100784302e-01
2.383162826299667358e-01
2.454275637865066528e-01
2.337994128465652466e-01
2.426210194826126099e-01
2.401438206434249878e-01
2.369886189699172974e-01
2.385983914136886597e-01
2.368586361408233643e-01
2.390540093183517456e-01
2.397912740707397461e-01
2.490913420915603638e-01
2.348134964704513550e-01
2.389860153198242188e-01
2.430276423692703247e-01
2.395433485507965088e-01
2.480296045541763306e-01
2.469969838857650757e-01
2.460514754056930542e-01
2.369049042463302612e-01
2.370843440294265747e-01
2.408217042684555054e-01
2.453876584768295288e-01
2.545088231563568115e-01
2.343741953372955322e-01
2.353115081787109375e-01
2.413367778062820435e-01
2.349537461996078491e-01
2.373266220092773438e-01
2.411009073257446289e-01
2.413397282361984253e-01
2.358567267656326294e-01
2.433213293552398682e-01
2.374875992536544800e-01
2.389945089817047119e-01
2.574527859687805176e-01
2.354756444692611694e-01
2.297837585210800171e-01
2.463088780641555786e-01
2.372820824384689331e-01
2.443933933973312378e-01
2.487638443708419800e-01
2.355476617813110352e-01
2.358420342206954956e-01
2.337746173143386841e-01
2.369309663772583008e-01
2.408605813980102539e-01
2.400703728199005127e-01
2.368011921644210815e-01
2.405215352773666382e-01
2.360300123691558838e-01
2.370213121175765991e-01
2.392593920230865479e-01
2.333260029554367065e-01
2.452997714281082153e-01
2.410058528184890747e-01
2.510934174060821533e-01
2.391939908266067505e-01
2.438664287328720093e-01
2.413073629140853882e-01
2.355140298604965210e-01
2.487895488739013672e-01
2.388112843036651611e-01
2.757924795150756836e-01
2.371348142623901367e-01
2.363576889038085938e-01
2.334868460893630981e-01
2.605586647987365723e-01
2.401172965764999390e-01
2.354301065206527710e-01
2.470795214176177979e-01
2.465959638357162476e-01
2.420687228441238403e-01
2.389267981052398682e-01
2.350932657718658447e-01
2.352847605943679810e-01
2.352851629257202148e-01
2.405289709568023682e-01
2.446343749761581421e-01
2.415328472852706909e-01
2.461338490247726440e-01
2.392858564853668213e-01
2.334336042404174805e-01
2.358190119266510010e-01
2.375424355268478394e-01
2.439349740743637085e-01
2.395798712968826294e-01
2.338464111089706421e-01
2.325366735458374023e-01
2.478617876768112183e-01
2.344246357679367065e-01
2.391640245914459229e-01
2.516485154628753662e-01
2.359452694654464722e-01
2.422924339771270752e-01
2.463723272085189819e-01
2.422660142183303833e-01
2.453371286392211914e-01
2.382717877626419067e-01
2.370318621397018433e-01
2.414241284132003784e-01
2.356912195682525635e-01
2.328422069549560547e-01
2.382401973009109497e-01
2.364829629659652710e-01
2.334708273410797119e-01
2.329282760620117188e-01
2.348587363958358765e-01
2.320016920566558838e-01
2.414239495992660522e-01
2.387145757675170898e-01
2.395760565996170044e-01
2.319412231445312500e-01
2.429915517568588257e-01
2.398900091648101807e-01
2.332569807767868042e-01
2.394603043794631958e-01
2.338472604751586914e-01
2.358689755201339722e-01
2.343374490737915039e-01
2.407748699188232422e-01
2.408301681280136108e-01
2.321950048208236694e-01
2.353204339742660522e-01
2.314190417528152466e-01
2.313196957111358643e-01
2.278469055891036987e-01
2.337976992130279541e-01
2.420834302902221680e-01
2.357230633497238159e-01
2.307090014219284058e-01
2.684682011604309082e-01
2.330776304006576538e-01
2.529744803905487061e-01
2.354252785444259644e-01
2.374157160520553589e-01
2.334918975830078125e-01
2.350614517927169800e-01
2.337400466203689575e-01
2.347631901502609253e-01
2.363999187946319580e-01
2.369832545518875122e-01
2.352303266525268555e-01
2.411235868930816650e-01
2.294440567493438721e-01
2.327594608068466187e-01
2.425248622894287109e-01
2.341503649950027466e-01
2.290517389774322510e-01
2.379054874181747437e-01
2.344753295183181763e-01
2.327707260847091675e-01
2.347748726606369019e-01
2.348387241363525391e-01
2.304828166961669922e-01
2.347875684499740601e-01
2.317043840885162354e-01
2.389919757843017578e-01
2.358601838350296021e-01
2.405026406049728394e-01
2.322888821363449097e-01
2.652759253978729248e-01
2.330415695905685425e-01
2.499079704284667969e-01
2.337399274110794067e-01
2.351783812046051025e-01
2.346249073743820190e-01
2.366757392883300781e-01
2.323278635740280151e-01
2.393350154161453247e-01
2.337881773710250854e-01
2.472402602434158325e-01
2.330983430147171021e-01
2.346854209899902344e-01
2.376791089773178101e-01
2.394105494022369385e-01
2.389464974403381348e-01
2.331997454166412354e-01
2.355232089757919312e-01
2.336423844099044800e-01
2.297813147306442261e-01
2.353599518537521362e-01
2.312525808811187744e-01
2.349124997854232788e-01
2.341495007276535034e-01
2.372658550739288330e-01
2.312208712100982666e-01
2.333867549896240234e-01
2.649022042751312256e-01
2.318430244922637939e-01
2.367938011884689331e-01
2.310568392276763916e-01
2.287900447845458984e-01
2.351331710815429688e-01
2.373783588409423828e-01
2.284254580736160278e-01
2.291929274797439575e-01
2.288970798254013062e-01
2.288821488618850708e-01
2.389478683471679688e-01
2.330239564180374146e-01
2.348407357931137085e-01
2.296347171068191528e-01
2.404127568006515503e-01
2.336921691894531250e-01
2.295955270528793335e-01
2.356413900852203369e-01
2.363694459199905396e-01
2.336953133344650269e-01
2.288248091936111450e-01
2.314966768026351929e-01
2.653798758983612061e-01
2.330173999071121216e-01
2.336135953664779663e-01
2.308321297168731689e-01
2.300373166799545288e-01
2.324601411819458008e-01
2.306549847126007080e-01
2.283576279878616333e-01
2.372535020112991333e-01
2.355229854583740234e-01
2.314504683017730713e-01
2.504363954067230225e-01
2.303727120161056519e-01
2.421617954969406128e-01
2.358197718858718872e-01
2.329037636518478394e-01
2.296338379383087158e-01
2.389503568410873413e-01
2.274139970541000366e-01
2.443183511495590210e-01
2.330021858215332031e-01
2.267470806837081909e-01
2.285178154706954956e-01
2.278904914855957031e-01
2.378898113965988159e-01
2.361736595630645752e-01
2.303955107927322388e-01
2.321182340383529663e-01
2.273651808500289917e-01
2.272685319185256958e-01
2.274767905473709106e-01
2.305262088775634766e-01
2.360587120056152344e-01
2.321171313524246216e-01
2.348879873752593994e-01
2.282956391572952271e-01
2.372752279043197632e-01
2.302789986133575439e-01
2.285881042480468750e-01
2.319013327360153198e-01
2.329480201005935669e-01
2.305756807327270508e-01
2.319274395704269409e-01
2.306328862905502319e-01
2.349234372377395630e-01
2.485786080360412598e-01
2.280939072370529175e-01
2.315398454666137695e-01
2.453165501356124878e-01
2.327012568712234497e-01
2.295942306518554688e-01
2.326819896697998047e-01
2.348352670669555664e-01
2.394907474517822266e-01
2.328438311815261841e-01
2.305076122283935547e-01
2.269093096256256104e-01
2.253429889678955078e-01
2.314693033695220947e-01
2.277576178312301636e-01
2.283768206834793091e-01
2.257274836301803589e-01
2.302298992872238159e-01
2.253558188676834106e-01
2.269410938024520874e-01
2.368410825729370117e-01
2.304896861314773560e-01
2.309656590223312378e-01
2.270577698945999146e-01
2.243826240301132202e-01
2.346110790967941284e-01
2.369469702243804932e-01
2.259840965270996094e-01
2.413178980350494385e-01
2.290484160184860229e-01
2.273565828800201416e-01
2.308108806610107422e-01
2.300622761249542236e-01
2.275500297546386719e-01
2.374556511640548706e-01
2.338707447052001953e-01
2.386103123426437378e-01
2.310016155242919922e-01
2.357072830200195312e-01
2.264233678579330444e-01
2.289581745862960815e-01
2.303967028856277466e-01
2.366530895233154297e-01
2.249747365713119507e-01
2.395419329404830933e-01
2.432325333356857300e-01
2.269534617662429810e-01
2.262303382158279419e-01
2.248281538486480713e-01
2.319442331790924072e-01
2.288759052753448486e-01
2.243794202804565430e-01
2.342259138822555542e-01
2.327759265899658203e-01
2.320550978183746338e-01
2.414538115262985229e-01
2.326577752828598022e-01
2.336687296628952026e-01
2.304536104202270508e-01
2.341561317443847656e-01
2.381720393896102905e-01
2.280922383069992065e-01
2.323402613401412964e-01
2.307728826999664307e-01
2.282046377658843994e-01
2.280963957309722900e-01
2.340522557497024536e-01
2.286651134490966797e-01
2.379303425550460815e-01
2.314369678497314453e-01
2.267078459262847900e-01
2.261157035827636719e-01
2.264469414949417114e-01
2.267868816852569580e-01
2.244973182678222656e-01
2.261533737182617188e-01
2.323150634765625000e-01
2.288415282964706421e-01
2.266214638948440552e-01
2.276866734027862549e-01
2.249521166086196899e-01
2.223703712224960327e-01
2.249289602041244507e-01
2.247283458709716797e-01
2.244060039520263672e-01
2.385359257459640503e-01
2.326214611530303955e-01
2.250695228576660156e-01
2.354769706726074219e-01
2.439835071563720703e-01
2.276086360216140747e-01
2.341621369123458862e-01
2.305155992507934570e-01
2.308023422956466675e-01
2.347076982259750366e-01
2.230863124132156372e-01
2.299546003341674805e-01
2.312433570623397827e-01
2.237781137228012085e-01
2.258097231388092041e-01
2.236466705799102783e-01
2.281518429517745972e-01
2.291707992553710938e-01
2.525038421154022217e-01
2.306007444858551025e-01
2.304431051015853882e-01
2.298228740692138672e-01
2.288302183151245117e-01
2.291070073843002319e-01
2.290885448455810547e-01
2.251086682081222534e-01
2.311928272247314453e-01
2.245773822069168091e-01
2.355842888355255127e-01
2.274401187896728516e-01
2.238005697727203369e-01
2.248071730136871338e-01
2.227216958999633789e-01
2.250216454267501831e-01
2.242280989885330200e-01
2.363033741712570190e-01
2.275957912206649780e-01
2.333175241947174072e-01
2.237493991851806641e-01
2.313840389251708984e-01
2.226393967866897583e-01
2.298723012208938599e-01
2.270218878984451294e-01
2.279452383518218994e-01
2.250437736511230469e-01
2.270216792821884155e-01
2.249308079481124878e-01
2.218738049268722534e-01
2.319706529378890991e-01
2.225593626499176025e-01
2.295067757368087769e-01
2.271989881992340088e-01
2.302622795104980469e-01
2.247421294450759888e-01
2.229806035757064819e-01
2.236833572387695312e-01
2.264091968536376953e-01
2.231443673372268677e-01
2.298480570316314697e-01
2.227783650159835815e-01
2.242104560136795044e-01
2.232234477996826172e-01
2.229140251874923706e-01
2.235284149646759033e-01
2.301498204469680786e-01
2.266315072774887085e-01
2.210440188646316528e-01
2.329893559217453003e-01
2.293451577425003052e-01
2.270971536636352539e-01
2.262412160634994507e-01
2.294656336307525635e-01
2.222281992435455322e-01
2.259708940982818604e-01
2.373549193143844604e-01
2.274914830923080444e-01
