8.012912869453430176e-01
7.512474656105041504e-01
7.068226933479309082e-01
6.816490292549133301e-01
6.782668828964233398e-01
6.259646415710449219e-01
6.562148928642272949e-01
6.491424441337585449e-01
5.643228292465209961e-01
6.186804175376892090e-01
5.580480694770812988e-01
5.487483143806457520e-01
5.116261839866638184e-01
5.893846750259399414e-01
4.865798652172088623e-01
5.103238821029663086e-01
4.973875582218170166e-01
4.668729007244110107e-01
4.698021113872528076e-01
4.514067769050598145e-01
4.706169664859771729e-01
4.524081349372863770e-01
4.161742627620697021e-01
4.280474781990051270e-01
3.982187211513519287e-01
4.102827012538909912e-01
3.690055310726165771e-01
3.725019991397857666e-01
3.496015071868896484e-01
3.763535618782043457e-01
3.712833821773529053e-01
3.364525735378265381e-01
3.916245400905609131e-01
4.311883151531219482e-01
3.825142085552215576e-01
3.474016189575195312e-01
3.607279360294342041e-01
3.236166536808013916e-01
3.427660167217254639e-01
3.441692590713500977e-01
3.255223035812377930e-01
3.242324590682983398e-01
3.339611589908599854e-01
3.869708478450775146e-01
3.370514512062072754e-01
3.228589594364166260e-01
4.274892508983612061e-01
3.165939450263977051e-01
3.178021609783172607e-01
2.925058305263519287e-01
3.364692628383636475e-01
2.885070145130157471e-01
3.331044614315032959e-01
2.885016500949859619e-01
3.176911473274230957e-01
3.161374628543853760e-01
3.033112883567810059e-01
2.977711260318756104e-01
2.978229522705078125e-01
2.839932143688201904e-01
3.017724156379699707e-01
2.875300645828247070e-01
3.223565220832824707e-01
2.684033811092376709e-01
2.686376571655273438e-01
2.983531951904296875e-01
2.573407888412475586e-01
2.806529700756072998e-01
2.770412862300872803e-01
2.607415616512298584e-01
2.844397723674774170e-01
2.528100013732910156e-01
2.494792938232421875e-01
2.598056495189666748e-01
2.812695503234863281e-01
2.595894336700439453e-01
2.433658093214035034e-01
2.943989336490631104e-01
2.328971177339553833e-01
3.049818575382232666e-01
2.402045577764511108e-01
2.779804468154907227e-01
3.072834014892578125e-01
2.612087726593017578e-01
2.625043392181396484e-01
2.614246308803558350e-01
2.649468481540679932e-01
2.789559960365295410e-01
2.600986659526824951e-01
2.352209091186523438e-01
2.476732283830642700e-01
2.399940043687820435e-01
2.462476342916488647e-01
2.592700421810150146e-01
2.490780353546142578e-01
2.521348893642425537e-01
2.562245428562164307e-01
2.434123605489730835e-01
2.418141365051269531e-01
2.758642137050628662e-01
2.625784575939178467e-01
2.515595853328704834e-01
2.521766126155853271e-01
2.769740819931030273e-01
2.932608723640441895e-01
2.342416495084762573e-01
2.576015889644622803e-01
2.517805099487304688e-01
2.506897151470184326e-01
2.911947667598724365e-01
2.303698509931564331e-01
2.524783015251159668e-01
2.852550745010375977e-01
2.760076224803924561e-01
2.774322032928466797e-01
2.410043478012084961e-01
2.593595981597900391e-01
2.386759519577026367e-01
2.609427869319915771e-01
2.494763880968093872e-01
2.461928129196166992e-01
2.352441102266311646e-01
2.167609930038452148e-01
2.664255201816558838e-01
2.654559612274169922e-01
2.323465645313262939e-01
2.383441030979156494e-01
2.267205715179443359e-01
2.306667119264602661e-01
2.490939348936080933e-01
2.511779367923736572e-01
2.769869863986968994e-01
2.535449266433715820e-01
2.510768175125122070e-01
2.365309745073318481e-01
2.604164779186248779e-01
2.519128322601318359e-01
2.340588122606277466e-01
2.254700511693954468e-01
2.406236678361892700e-01
2.320194989442825317e-01
2.500407397747039795e-01
2.160696834325790405e-01
2.560364902019500732e-01
2.627476155757904053e-01
2.164369672536849976e-01
2.413486540317535400e-01
2.426310032606124878e-01
2.208254337310791016e-01
2.418648302555084229e-01
2.129955738782882690e-01
2.393869012594223022e-01
2.604291737079620361e-01
2.313636392354965210e-01
2.271466702222824097e-01
2.379907816648483276e-01
2.319020777940750122e-01
2.325737774372100830e-01
2.254068106412887573e-01
2.292079627513885498e-01
2.067274153232574463e-01
2.225429266691207886e-01
2.217789888381958008e-01
2.220243215560913086e-01
2.736790776252746582e-01
2.207157164812088013e-01
2.097272425889968872e-01
2.268917560577392578e-01
2.073370963335037231e-01
2.085861265659332275e-01
2.427075356245040894e-01
2.305889576673507690e-01
2.307060807943344116e-01
2.213121503591537476e-01
2.277402877807617188e-01
2.222490608692169189e-01
2.260255068540573120e-01
2.368635237216949463e-01
2.223637104034423828e-01
2.231132984161376953e-01
2.077098339796066284e-01
1.965909004211425781e-01
1.968366503715515137e-01
2.169008702039718628e-01
2.273952215909957886e-01
2.705081403255462646e-01
2.469822913408279419e-01
3.259103596210479736e-01
2.412710189819335938e-01
2.372039854526519775e-01
2.194433212280273438e-01
2.345194071531295776e-01
2.259310930967330933e-01
2.455291748046875000e-01
2.401530742645263672e-01
2.323619425296783447e-01
2.233503162860870361e-01
2.195758372545242310e-01
2.792810201644897461e-01
2.667771875858306885e-01
2.251145839691162109e-01
2.310868352651596069e-01
2.400465011596679688e-01
2.102279514074325562e-01
2.261367291212081909e-01
2.506663799285888672e-01
2.166771441698074341e-01
2.249433249235153198e-01
2.154777050018310547e-01
2.179189771413803101e-01
2.269308418035507202e-01
2.144321054220199585e-01
2.075307220220565796e-01
2.263559550046920776e-01
2.287973165512084961e-01
2.160520404577255249e-01
2.189002037048339844e-01
2.169213145971298218e-01
2.103414088487625122e-01
1.986995786428451538e-01
2.332732230424880981e-01
2.295285016298294067e-01
2.126166373491287231e-01
2.367570847272872925e-01
2.158003896474838257e-01
2.221654653549194336e-01
1.945864409208297729e-01
1.972867846488952637e-01
2.231447994709014893e-01
2.292041778564453125e-01
2.102850228548049927e-01
1.967604905366897583e-01
2.208104580640792847e-01
2.020886689424514771e-01
2.002179920673370361e-01
2.014330923557281494e-01
2.189585268497467041e-01
2.427015304565429688e-01
1.887113302946090698e-01
2.050122618675231934e-01
1.934452950954437256e-01
1.904132366180419922e-01
2.035493403673171997e-01
1.981659233570098877e-01
2.149257659912109375e-01
2.000700086355209351e-01
2.331731766462326050e-01
2.448323816061019897e-01
2.085984200239181519e-01
2.233744710683822632e-01
2.235209047794342041e-01
1.984883844852447510e-01
1.970803588628768921e-01
2.042474299669265747e-01
2.217164039611816406e-01
2.009608596563339233e-01
2.183240652084350586e-01
2.128515094518661499e-01
2.252327501773834229e-01
2.623499035835266113e-01
2.228046953678131104e-01
1.940933614969253540e-01
2.400597631931304932e-01
2.107010334730148315e-01
2.220257818698883057e-01
2.130436748266220093e-01
2.235122919082641602e-01
2.046315521001815796e-01
2.018719017505645752e-01
2.119295895099639893e-01
2.556239962577819824e-01
2.042406052350997925e-01
2.313351482152938843e-01
1.915833204984664917e-01
1.921031475067138672e-01
2.222473621368408203e-01
1.893661469221115112e-01
2.019795626401901245e-01
1.959149539470672607e-01
2.056778520345687866e-01
2.012860774993896484e-01
1.959657371044158936e-01
1.992472261190414429e-01
1.983153820037841797e-01
2.268734723329544067e-01
1.997139900922775269e-01
1.878843307495117188e-01
2.007622718811035156e-01
1.973202675580978394e-01
2.183341085910797119e-01
1.842983812093734741e-01
3.000898361206054688e-01
2.010782808065414429e-01
2.121248245239257812e-01
2.051261216402053833e-01
2.059812545776367188e-01
2.056708335876464844e-01
2.349504232406616211e-01
2.086881697177886963e-01
2.028087228536605835e-01
2.385363429784774780e-01
1.931494772434234619e-01
2.160103321075439453e-01
1.999212801456451416e-01
2.222671508789062500e-01
1.887599676847457886e-01
2.242875397205352783e-01
1.996396034955978394e-01
2.088232040405273438e-01
2.589188516139984131e-01
1.942338496446609497e-01
2.036784142255783081e-01
1.931760311126708984e-01
1.887316554784774780e-01
1.943833082914352417e-01
2.484283298254013062e-01
2.133593112230300903e-01
1.909028738737106323e-01
2.247495204210281372e-01
2.088417708873748779e-01
1.976771801710128784e-01
1.871178001165390015e-01
2.096036672592163086e-01
1.929380297660827637e-01
2.022120803594589233e-01
2.188467830419540405e-01
2.076427489519119263e-01
1.814088225364685059e-01
2.209722548723220825e-01
2.139072418212890625e-01
2.394653558731079102e-01
2.194657772779464722e-01
2.184345275163650513e-01
1.948616653680801392e-01
1.984707266092300415e-01
2.060492336750030518e-01
2.126358002424240112e-01
2.232251912355422974e-01
1.981219798326492310e-01
2.121831625699996948e-01
1.933987885713577271e-01
1.881470978260040283e-01
1.918876171112060547e-01
2.128130495548248291e-01
1.966658979654312134e-01
2.051972448825836182e-01
1.869026422500610352e-01
2.041203230619430542e-01
2.022175341844558716e-01
1.971849948167800903e-01
2.102209180593490601e-01
2.471204102039337158e-01
1.924807876348495483e-01
1.888438463211059570e-01
1.869501322507858276e-01
1.825424432754516602e-01
1.953970044851303101e-01
2.352315187454223633e-01
2.187844812870025635e-01
1.802252978086471558e-01
1.875351369380950928e-01
2.153813391923904419e-01
1.926129162311553955e-01
1.967693567276000977e-01
2.304336577653884888e-01
2.030433714389801025e-01
1.940852701663970947e-01
1.846619844436645508e-01
1.883994936943054199e-01
2.045557945966720581e-01
2.085309326648712158e-01
1.911808997392654419e-01
1.803462058305740356e-01
1.875987499952316284e-01
1.935991495847702026e-01
1.810381114482879639e-01
1.999067962169647217e-01
1.814419627189636230e-01
1.887723207473754883e-01
2.119202464818954468e-01
1.878307908773422241e-01
1.803339123725891113e-01
1.751005500555038452e-01
1.776250451803207397e-01
1.906770169734954834e-01
1.885010153055191040e-01
1.877546310424804688e-01
1.978636533021926880e-01
2.138370126485824585e-01
2.009463757276535034e-01
2.224451154470443726e-01
2.253327220678329468e-01
1.854258626699447632e-01
1.996109634637832642e-01
1.997083872556686401e-01
2.001783698797225952e-01
2.106714248657226562e-01
2.048672735691070557e-01
1.857531517744064331e-01
2.053969651460647583e-01
1.880790293216705322e-01
1.928501427173614502e-01
2.300761193037033081e-01
1.761280745267868042e-01
1.919244974851608276e-01
1.817400306463241577e-01
1.870616525411605835e-01
2.013178318738937378e-01
2.259261161088943481e-01
1.764832884073257446e-01
1.936219483613967896e-01
1.899359077215194702e-01
2.019241154193878174e-01
1.992134898900985718e-01
1.826401203870773315e-01
1.956039518117904663e-01
1.953613609075546265e-01
1.797432452440261841e-01
1.928607076406478882e-01
2.027300894260406494e-01
1.776922345161437988e-01
2.088179141283035278e-01
1.915867775678634644e-01
1.916309893131256104e-01
1.920822411775588989e-01
2.031082361936569214e-01
1.930828541517257690e-01
1.898004263639450073e-01
1.976963728666305542e-01
1.865370422601699829e-01
1.986027657985687256e-01
1.902319043874740601e-01
1.776935756206512451e-01
1.795215904712677002e-01
1.940329074859619141e-01
1.898433119058609009e-01
2.083053141832351685e-01
1.918224245309829712e-01
2.194670736789703369e-01
1.805278807878494263e-01
2.388528585433959961e-01
1.818146556615829468e-01
1.753289699554443359e-01
2.037539780139923096e-01
1.786878407001495361e-01
1.961297243833541870e-01
1.962613314390182495e-01
1.951587200164794922e-01
2.185793370008468628e-01
1.799581646919250488e-01
1.992056220769882202e-01
1.880375742912292480e-01
1.740584969520568848e-01
1.849014461040496826e-01
1.771813929080963135e-01
1.876709908246994019e-01
1.988858580589294434e-01
1.855614036321640015e-01
1.807789057493209839e-01
2.126853466033935547e-01
1.807580143213272095e-01
1.878932565450668335e-01
1.865132898092269897e-01
2.007817029953002930e-01
1.735765486955642700e-01
1.835880726575851440e-01
1.672445982694625854e-01
1.818555146455764771e-01
1.786080598831176758e-01
1.721608936786651611e-01
1.999122649431228638e-01
1.768202632665634155e-01
2.018634378910064697e-01
2.686330676078796387e-01
1.755788773298263550e-01
1.967897862195968628e-01
1.842320710420608521e-01
1.945888549089431763e-01
2.157510519027709961e-01
1.836171895265579224e-01
2.020110189914703369e-01
1.810886114835739136e-01
1.823749989271163940e-01
1.684670895338058472e-01
1.742049902677536011e-01
2.016941606998443604e-01
1.843056529760360718e-01
1.926877051591873169e-01
1.810985505580902100e-01
2.073076814413070679e-01
1.829052418470382690e-01
1.810708045959472656e-01
1.943054646253585815e-01
1.755113899707794189e-01
1.854849904775619507e-01
1.971485167741775513e-01
1.781841516494750977e-01
1.653967946767807007e-01
1.766186803579330444e-01
1.805957853794097900e-01
1.988239884376525879e-01
1.651462614536285400e-01
1.862548291683197021e-01
2.183645814657211304e-01
1.928968578577041626e-01
1.831480711698532104e-01
1.885058283805847168e-01
2.252690047025680542e-01
1.723585277795791626e-01
1.856163144111633301e-01
1.762607395648956299e-01
1.802789419889450073e-01
1.880635023117065430e-01
1.867316812276840210e-01
1.807664930820465088e-01
1.991524249315261841e-01
1.739185452461242676e-01
1.977877169847488403e-01
1.726257652044296265e-01
1.795415580272674561e-01
1.817541420459747314e-01
1.728272438049316406e-01
1.624391078948974609e-01
1.824698597192764282e-01
2.225060462951660156e-01
1.890308409929275513e-01
1.715408712625503540e-01
2.025755494832992554e-01
1.693772375583648682e-01
1.747942417860031128e-01
1.739547550678253174e-01
1.669370681047439575e-01
1.719755381345748901e-01
1.676156371831893921e-01
2.048688977956771851e-01
1.853194534778594971e-01
1.808192729949951172e-01
1.705510467290878296e-01
1.799688935279846191e-01
1.927407234907150269e-01
2.006352245807647705e-01
1.707663983106613159e-01
1.694866567850112915e-01
1.833115667104721069e-01
1.817776709794998169e-01
1.837939769029617310e-01
1.776147633790969849e-01
2.007726430892944336e-01
1.802008002996444702e-01
1.878847628831863403e-01
1.883966773748397827e-01
1.780733764171600342e-01
2.070095539093017578e-01
2.038851827383041382e-01
1.939502656459808350e-01
1.826999038457870483e-01
1.740287393331527710e-01
1.789452433586120605e-01
1.882381290197372437e-01
1.651541143655776978e-01
1.826889365911483765e-01
1.682895123958587646e-01
2.333908528089523315e-01
1.827790141105651855e-01
1.691200137138366699e-01
1.688691228628158569e-01
2.303222864866256714e-01
2.290121614933013916e-01
1.758634895086288452e-01
1.874587386846542358e-01
1.751734465360641479e-01
1.769152879714965820e-01
1.882681250572204590e-01
1.854368299245834351e-01
1.774779856204986572e-01
1.896549314260482788e-01
1.695182770490646362e-01
2.131809741258621216e-01
1.792995184659957886e-01
2.128621786832809448e-01
1.787340492010116577e-01
1.811262220144271851e-01
1.783456802368164062e-01
1.854071468114852905e-01
1.597941368818283081e-01
1.691714525222778320e-01
1.802130788564682007e-01
1.732718497514724731e-01
1.894862353801727295e-01
1.720276325941085815e-01
1.657829731702804565e-01
1.876297295093536377e-01
1.809913367033004761e-01
1.680053770542144775e-01
1.680568307638168335e-01
2.018398344516754150e-01
1.686241924762725830e-01
1.830899268388748169e-01
1.632699519395828247e-01
2.005955278873443604e-01
2.389535754919052124e-01
1.810486614704132080e-01
1.893596500158309937e-01
1.752150505781173706e-01
1.652696132659912109e-01
1.607907563447952271e-01
1.774710714817047119e-01
1.769772171974182129e-01
1.675878614187240601e-01
2.333458513021469116e-01
1.756137162446975708e-01
1.764871627092361450e-01
1.738983839750289917e-01
1.853096932172775269e-01
1.675022095441818237e-01
1.626621931791305542e-01
1.868894100189208984e-01
1.871813982725143433e-01
1.866968274116516113e-01
1.655804365873336792e-01
1.740362942218780518e-01
1.919887512922286987e-01
1.801124066114425659e-01
1.666704267263412476e-01
1.872004568576812744e-01
1.709251403808593750e-01
1.706037521362304688e-01
1.670710146427154541e-01
1.713758260011672974e-01
2.264606058597564697e-01
1.656161993741989136e-01
1.861410140991210938e-01
1.898457854986190796e-01
1.786047667264938354e-01
1.626044809818267822e-01
1.705892086029052734e-01
1.835525482892990112e-01
1.665400862693786621e-01
1.927239298820495605e-01
1.802663058042526245e-01
1.730334609746932983e-01
1.609878689050674438e-01
1.670028269290924072e-01
2.158523052930831909e-01
1.579157412052154541e-01
1.712432950735092163e-01
1.632936298847198486e-01
1.559740751981735229e-01
1.828228533267974854e-01
1.750453859567642212e-01
1.899274587631225586e-01
1.809031367301940918e-01
2.306425124406814575e-01
1.688245385885238647e-01
1.751002222299575806e-01
1.722001284360885620e-01
1.759819239377975464e-01
1.756550967693328857e-01
1.881557703018188477e-01
1.951292604207992554e-01
1.914517730474472046e-01
1.749075800180435181e-01
1.753474026918411255e-01
1.621493399143218994e-01
1.712503135204315186e-01
1.636967957019805908e-01
1.523907035589218140e-01
1.715907305479049683e-01
2.216964811086654663e-01
1.851095408201217651e-01
1.747605800628662109e-01
1.620556116104125977e-01
1.898600608110427856e-01
1.814839690923690796e-01
1.569897234439849854e-01
1.760808676481246948e-01
1.812639087438583374e-01
1.755959093570709229e-01
1.586977094411849976e-01
1.636482328176498413e-01
1.740407943725585938e-01
1.885305494070053101e-01
1.533739566802978516e-01
1.635955572128295898e-01
1.725159734487533569e-01
1.797026395797729492e-01
1.801552623510360718e-01
1.511812806129455566e-01
1.718051731586456299e-01
1.790407449007034302e-01
1.680017858743667603e-01
1.685919910669326782e-01
1.849470287561416626e-01
1.818737685680389404e-01
1.618047952651977539e-01
1.680390834808349609e-01
2.178301364183425903e-01
1.623519510030746460e-01
1.570084840059280396e-01
1.776646822690963745e-01
1.590265333652496338e-01
1.596349030733108521e-01
1.623806208372116089e-01
1.763025373220443726e-01
2.701811790466308594e-01
1.743021309375762939e-01
1.670030206441879272e-01
1.770574897527694702e-01
1.603905409574508667e-01
1.991202384233474731e-01
1.755650788545608521e-01
2.086596041917800903e-01
1.555913239717483521e-01
1.685416549444198608e-01
1.667885631322860718e-01
1.788852512836456299e-01
1.973123848438262939e-01
1.879251748323440552e-01
1.683301180601119995e-01
1.617434173822402954e-01
1.729021072387695312e-01
1.596484631299972534e-01
1.580648124217987061e-01
1.618966609239578247e-01
1.792809367179870605e-01
1.670993715524673462e-01
1.581560671329498291e-01
1.653763055801391602e-01
1.576576083898544312e-01
1.557941287755966187e-01
1.652648895978927612e-01
1.891480535268783569e-01
2.024054825305938721e-01
1.748489141464233398e-01
1.626788824796676636e-01
1.874919682741165161e-01
1.901446133852005005e-01
1.737015843391418457e-01
1.704771518707275391e-01
1.639415323734283447e-01
1.650449186563491821e-01
1.618165522813796997e-01
1.569731831550598145e-01
1.765226125717163086e-01
1.698762029409408569e-01
1.619015783071517944e-01
1.725438833236694336e-01
1.712242215871810913e-01
1.577256470918655396e-01
1.751071065664291382e-01
1.524224281311035156e-01
1.755752414464950562e-01
1.612520962953567505e-01
1.924454420804977417e-01
2.022471427917480469e-01
1.692516654729843140e-01
1.583831161260604858e-01
1.787056177854537964e-01
1.832064092159271240e-01
1.808687150478363037e-01
1.690817773342132568e-01
1.708661019802093506e-01
1.653562933206558228e-01
1.546909213066101074e-01
1.506400555372238159e-01
1.585436910390853882e-01
1.653625816106796265e-01
1.598996073007583618e-01
1.637043207883834839e-01
1.588272899389266968e-01
1.575330495834350586e-01
2.344702333211898804e-01
1.687334030866622925e-01
1.777206212282180786e-01
1.581330299377441406e-01
1.887027025222778320e-01
1.995176523923873901e-01
1.476310938596725464e-01
1.818091124296188354e-01
1.626420915126800537e-01
1.651036292314529419e-01
1.885029971599578857e-01
1.828571856021881104e-01
1.699164062738418579e-01
1.764675229787826538e-01
1.613175868988037109e-01
1.912332326173782349e-01
1.802486926317214966e-01
1.672903746366500854e-01
1.803728789091110229e-01
1.669986844062805176e-01
1.827568262815475464e-01
1.510113328695297241e-01
1.623901426792144775e-01
1.715683788061141968e-01
1.774629652500152588e-01
1.562495529651641846e-01
1.570810675621032715e-01
1.796769201755523682e-01
1.665556430816650391e-01
