6.710103154182434082e-01
6.169486045837402344e-01
6.001995801925659180e-01
5.964431762695312500e-01
5.929957032203674316e-01
5.835682749748229980e-01
5.636523962020874023e-01
5.380874872207641602e-01
5.576438307762145996e-01
5.546950697898864746e-01
5.092072486877441406e-01
5.237932205200195312e-01
5.606784820556640625e-01
5.051893591880798340e-01
5.198486447334289551e-01
5.040225386619567871e-01
4.838309288024902344e-01
4.679620265960693359e-01
4.466923773288726807e-01
4.383768737316131592e-01
4.146833419799804688e-01
4.611683785915374756e-01
4.770479798316955566e-01
4.069139659404754639e-01
4.081888198852539062e-01
3.810894489288330078e-01
4.305925965309143066e-01
3.804068565368652344e-01
4.038046896457672119e-01
3.534348011016845703e-01
3.746673464775085449e-01
4.407748878002166748e-01
3.839359879493713379e-01
3.833689391613006592e-01
3.015882372856140137e-01
3.285317420959472656e-01
3.430271148681640625e-01
3.172948062419891357e-01
3.173072636127471924e-01
4.273454248905181885e-01
3.591749966144561768e-01
3.527755439281463623e-01
2.696220576763153076e-01
3.274115324020385742e-01
4.204327762126922607e-01
3.334326744079589844e-01
3.242660760879516602e-01
3.065505325794219971e-01
3.585850298404693604e-01
3.054776787757873535e-01
3.285274207592010498e-01
3.085966110229492188e-01
2.858535945415496826e-01
2.650736570358276367e-01
3.078927397727966309e-01
2.937449514865875244e-01
3.382259011268615723e-01
3.028056919574737549e-01
3.095362782478332520e-01
2.795989215373992920e-01
3.331648409366607666e-01
3.190967142581939697e-01
2.874664962291717529e-01
3.020980358123779297e-01
3.027766346931457520e-01
2.820680141448974609e-01
3.444823920726776123e-01
3.186914920806884766e-01
2.794102132320404053e-01
2.449614107608795166e-01
2.944830060005187988e-01
2.800430357456207275e-01
2.726783454418182373e-01
2.361738234758377075e-01
2.473564893007278442e-01
2.549426555633544922e-01
2.582598030567169189e-01
2.966113984584808350e-01
2.548539638519287109e-01
3.361388742923736572e-01
2.636891305446624756e-01
2.977994978427886963e-01
2.507446110248565674e-01
2.720605134963989258e-01
2.416064292192459106e-01
2.909843027591705322e-01
2.419989407062530518e-01
2.310292720794677734e-01
2.523350715637207031e-01
2.544506788253784180e-01
2.317081242799758911e-01
2.665469646453857422e-01
2.763769328594207764e-01
2.726764380931854248e-01
2.324528694152832031e-01
2.432944029569625854e-01
2.685770690441131592e-01
2.465540021657943726e-01
2.212501615285873413e-01
2.639392614364624023e-01
2.213355153799057007e-01
2.415631860494613647e-01
2.422523945569992065e-01
2.300236076116561890e-01
2.081971019506454468e-01
2.925725877285003662e-01
2.200264185667037964e-01
2.308683842420578003e-01
2.202036678791046143e-01
2.190422117710113525e-01
2.527867257595062256e-01
2.574969530105590820e-01
2.342833280563354492e-01
2.377308458089828491e-01
2.259702235460281372e-01
2.075186222791671753e-01
2.181499302387237549e-01
2.166132479906082153e-01
2.239743769168853760e-01
1.993165761232376099e-01
2.577046453952789307e-01
2.618150413036346436e-01
2.451582401990890503e-01
1.954394280910491943e-01
2.461349517107009888e-01
2.394949048757553101e-01
2.226789295673370361e-01
2.344817668199539185e-01
2.098935097455978394e-01
2.375482767820358276e-01
2.233874797821044922e-01
2.286631166934967041e-01
1.898030042648315430e-01
2.268525362014770508e-01
2.423174828290939331e-01
2.532109916210174561e-01
2.147932499647140503e-01
2.151592075824737549e-01
2.030582427978515625e-01
2.182188481092453003e-01
2.141554206609725952e-01
2.256945669651031494e-01
2.064289897680282593e-01
1.849319189786911011e-01
2.059077322483062744e-01
2.172728627920150757e-01
1.893782019615173340e-01
1.838124692440032959e-01
1.955852806568145752e-01
1.927050799131393433e-01
1.946224570274353027e-01
1.862383633852005005e-01
2.015245705842971802e-01
2.006955444812774658e-01
2.207475155591964722e-01
1.947124898433685303e-01
2.093721926212310791e-01
1.775985062122344971e-01
1.841794103384017944e-01
2.177746593952178955e-01
1.872156113386154175e-01
1.637642234563827515e-01
1.885403841733932495e-01
1.574876159429550171e-01
1.654028743505477905e-01
2.151578962802886963e-01
1.813542097806930542e-01
2.112936079502105713e-01
1.875755637884140015e-01
1.596188098192214966e-01
1.657444089651107788e-01
1.798887252807617188e-01
1.772370487451553345e-01
1.923957169055938721e-01
1.859308034181594849e-01
2.250109165906906128e-01
1.814019978046417236e-01
2.272057533264160156e-01
2.243466824293136597e-01
2.004888057708740234e-01
1.935790926218032837e-01
1.765661388635635376e-01
1.504449695348739624e-01
1.687654256820678711e-01
1.738232076168060303e-01
1.720732748508453369e-01
1.741321831941604614e-01
1.773045957088470459e-01
2.323732227087020874e-01
2.024580985307693481e-01
1.795229613780975342e-01
1.858674138784408569e-01
1.508420556783676147e-01
1.588172167539596558e-01
1.514204144477844238e-01
1.868975013494491577e-01
1.929474174976348877e-01
1.804549843072891235e-01
1.473464965820312500e-01
1.794534772634506226e-01
1.526306867599487305e-01
1.693410724401473999e-01
1.547665148973464966e-01
1.813471764326095581e-01
1.488173305988311768e-01
1.525167673826217651e-01
1.613638252019882202e-01
1.853541433811187744e-01
1.702506095170974731e-01
1.597647964954376221e-01
1.536662578582763672e-01
1.735829561948776245e-01
2.005698680877685547e-01
1.856641322374343872e-01
1.766258925199508667e-01
1.653131395578384399e-01
2.348131239414215088e-01
1.611127853393554688e-01
1.577991545200347900e-01
1.664336025714874268e-01
1.852733790874481201e-01
2.136691063642501831e-01
1.997926086187362671e-01
1.809117347002029419e-01
1.955498754978179932e-01
1.510784178972244263e-01
1.559348553419113159e-01
2.011692076921463013e-01
1.839474290609359741e-01
1.596995145082473755e-01
1.757610291242599487e-01
1.555193215608596802e-01
1.540585458278656006e-01
1.897181123495101929e-01
1.627796590328216553e-01
1.364099830389022827e-01
1.896155178546905518e-01
1.886418312788009644e-01
1.776265949010848999e-01
1.548487246036529541e-01
1.729989349842071533e-01
1.521087735891342163e-01
1.868114173412322998e-01
1.582481116056442261e-01
1.365917623043060303e-01
2.006305754184722900e-01
1.503850072622299194e-01
1.569150984287261963e-01
1.434763222932815552e-01
1.446193009614944458e-01
1.642420887947082520e-01
1.381835788488388062e-01
1.543690711259841919e-01
1.738928854465484619e-01
1.618086099624633789e-01
1.485775858163833618e-01
1.685634404420852661e-01
1.812963634729385376e-01
1.616197377443313599e-01
1.376290768384933472e-01
1.727807223796844482e-01
1.765866130590438843e-01
1.458798944950103760e-01
1.561993658542633057e-01
1.576164215803146362e-01
1.488195955753326416e-01
1.412002295255661011e-01
1.601790934801101685e-01
1.861952096223831177e-01
1.595944017171859741e-01
1.708554774522781372e-01
1.425835192203521729e-01
1.571245193481445312e-01
1.557808816432952881e-01
1.664209365844726562e-01
1.401955932378768921e-01
1.428357362747192383e-01
1.527307331562042236e-01
1.509037315845489502e-01
1.487521082162857056e-01
1.697817146778106689e-01
1.345834732055664062e-01
1.389228850603103638e-01
1.368758529424667358e-01
1.827679723501205444e-01
1.446348279714584351e-01
1.818329244852066040e-01
1.436372995376586914e-01
1.592167466878890991e-01
1.314977407455444336e-01
1.273214071989059448e-01
1.160129234194755554e-01
1.383845955133438110e-01
1.874617785215377808e-01
1.419320702552795410e-01
1.396908611059188843e-01
1.288519203662872314e-01
1.437304913997650146e-01
1.296277046203613281e-01
1.084518432617187500e-01
1.456934064626693726e-01
1.420719027519226074e-01
1.270501613616943359e-01
1.672279238700866699e-01
1.420265287160873413e-01
1.133593320846557617e-01
1.420258134603500366e-01
1.266790181398391724e-01
1.191989928483963013e-01
1.319135427474975586e-01
1.096256747841835022e-01
1.302612572908401489e-01
1.623611301183700562e-01
1.427136510610580444e-01
1.130655333399772644e-01
1.486427634954452515e-01
1.366965025663375854e-01
1.162094846367835999e-01
1.320522576570510864e-01
1.526632308959960938e-01
1.090550199151039124e-01
1.442963480949401855e-01
1.313307136297225952e-01
1.235761418938636780e-01
1.289255023002624512e-01
1.130506545305252075e-01
1.303993165493011475e-01
1.199415922164916992e-01
1.219711825251579285e-01
1.180345341563224792e-01
1.174878999590873718e-01
1.125865727663040161e-01
1.200996413826942444e-01
1.341717541217803955e-01
1.356731504201889038e-01
1.174203976988792419e-01
1.644064486026763916e-01
1.374273747205734253e-01
1.463205069303512573e-01
1.519338339567184448e-01
1.173210889101028442e-01
1.062752977013587952e-01
1.317918300628662109e-01
1.551963537931442261e-01
1.125387102365493774e-01
1.296496093273162842e-01
1.292478144168853760e-01
1.327107697725296021e-01
1.378639787435531616e-01
1.283410489559173584e-01
1.246011406183242798e-01
1.036418899893760681e-01
1.115391999483108521e-01
1.247379556298255920e-01
1.318333894014358521e-01
1.501530706882476807e-01
1.503513604402542114e-01
1.788745075464248657e-01
1.369825899600982666e-01
1.355121880769729614e-01
1.090319380164146423e-01
1.458827704191207886e-01
1.295733153820037842e-01
1.065176725387573242e-01
1.327905505895614624e-01
1.340134441852569580e-01
1.246388703584671021e-01
1.375620216131210327e-01
1.106374487280845642e-01
1.783024966716766357e-01
1.358653455972671509e-01
1.199760586023330688e-01
1.384487897157669067e-01
1.201954483985900879e-01
1.107780113816261292e-01
1.240200325846672058e-01
1.447082757949829102e-01
1.105495467782020569e-01
1.075152531266212463e-01
1.217025741934776306e-01
1.155075579881668091e-01
9.776615351438522339e-02
9.774016588926315308e-02
1.531004458665847778e-01
1.129192635416984558e-01
1.202402859926223755e-01
1.321823894977569580e-01
1.224071308970451355e-01
1.014160737395286560e-01
1.015113145112991333e-01
1.245290413498878479e-01
1.365691721439361572e-01
1.320175975561141968e-01
1.240036636590957642e-01
1.281089633703231812e-01
1.244165897369384766e-01
1.242633461952209473e-01
1.462136209011077881e-01
1.586226075887680054e-01
1.035445705056190491e-01
1.021062880754470825e-01
1.273215115070343018e-01
1.228567883372306824e-01
1.157132014632225037e-01
1.187624558806419373e-01
1.247435137629508972e-01
1.071048751473426819e-01
1.521484553813934326e-01
1.094514057040214539e-01
1.017903462052345276e-01
1.056833788752555847e-01
1.053021475672721863e-01
1.233517527580261230e-01
1.088323220610618591e-01
1.211964413523674011e-01
1.402281522750854492e-01
1.096467003226280212e-01
1.272850781679153442e-01
1.004077941179275513e-01
1.430590897798538208e-01
9.603305906057357788e-02
1.305446475744247437e-01
1.055585369467735291e-01
1.479486227035522461e-01
9.486834704875946045e-02
1.276073306798934937e-01
1.125391647219657898e-01
1.176444068551063538e-01
1.308075189590454102e-01
1.235550567507743835e-01
1.101203933358192444e-01
1.252715587615966797e-01
1.076646074652671814e-01
9.240837395191192627e-02
9.774477034807205200e-02
9.914119541645050049e-02
1.104390993714332581e-01
1.364187449216842651e-01
1.020053848624229431e-01
1.058532297611236572e-01
1.061611771583557129e-01
1.068993359804153442e-01
1.199010014533996582e-01
9.456980228424072266e-02
1.054932624101638794e-01
9.552709758281707764e-02
1.116880327463150024e-01
1.015410944819450378e-01
9.716111421585083008e-02
1.086075827479362488e-01
9.872143715620040894e-02
1.094824597239494324e-01
1.029676422476768494e-01
8.005508035421371460e-02
1.094023510813713074e-01
1.247194558382034302e-01
1.007232889533042908e-01
9.447109699249267578e-02
8.673443645238876343e-02
8.702368289232254028e-02
1.367876976728439331e-01
1.156243309378623962e-01
1.179113164544105530e-01
9.998629242181777954e-02
1.146576404571533203e-01
1.212323680520057678e-01
1.023072153329849243e-01
1.264296621084213257e-01
1.064680144190788269e-01
1.115491911768913269e-01
1.091178581118583679e-01
1.146660819649696350e-01
1.173720881342887878e-01
9.017226845026016235e-02
1.028687879443168640e-01
1.063639149069786072e-01
1.223817244172096252e-01
1.012288853526115417e-01
1.528826951980590820e-01
8.381609618663787842e-02
1.172914281487464905e-01
1.418446749448776245e-01
8.578312397003173828e-02
1.135621592402458191e-01
1.216662749648094177e-01
1.368192285299301147e-01
9.074117243289947510e-02
1.000957116484642029e-01
1.112114563584327698e-01
1.244247928261756897e-01
1.063850894570350647e-01
1.091657280921936035e-01
1.222942620515823364e-01
9.110070019960403442e-02
1.285246610641479492e-01
1.320754587650299072e-01
1.020614132285118103e-01
1.097979098558425903e-01
1.027718335390090942e-01
1.014090552926063538e-01
9.921410679817199707e-02
1.103105917572975159e-01
1.186883822083473206e-01
9.660156071186065674e-02
1.041860803961753845e-01
1.003258004784584045e-01
1.014203652739524841e-01
1.010068058967590332e-01
1.029922291636466980e-01
9.752553701400756836e-02
1.110975518822669983e-01
1.019209623336791992e-01
1.019198447465896606e-01
1.082396656274795532e-01
9.750683605670928955e-02
9.842611849308013916e-02
9.290231764316558838e-02
1.329701244831085205e-01
9.708603471517562866e-02
1.089003384113311768e-01
1.091431751847267151e-01
9.911561012268066406e-02
1.049637570977210999e-01
8.823020756244659424e-02
1.265715360641479492e-01
1.121106669306755066e-01
1.090740486979484558e-01
9.004604071378707886e-02
9.203777462244033813e-02
1.172953397035598755e-01
1.046270877122879028e-01
1.140673533082008362e-01
1.004378423094749451e-01
1.006034538149833679e-01
1.648149490356445312e-01
9.735146909952163696e-02
1.083664298057556152e-01
1.255584508180618286e-01
9.585374593734741211e-02
9.547752887010574341e-02
1.130201220512390137e-01
1.206237077713012695e-01
9.845221042633056641e-02
1.153087615966796875e-01
7.827460020780563354e-02
1.700700372457504272e-01
1.125914230942726135e-01
1.497800201177597046e-01
9.509559720754623413e-02
1.084658131003379822e-01
1.162856370210647583e-01
1.017625108361244202e-01
9.797143191099166870e-02
1.083560138940811157e-01
8.384007960557937622e-02
1.005758568644523621e-01
9.782942384481430054e-02
1.025027409195899963e-01
9.058039635419845581e-02
1.096898242831230164e-01
1.054404899477958679e-01
1.064310446381568909e-01
7.736355811357498169e-02
9.517066180706024170e-02
9.782381355762481689e-02
8.230818063020706177e-02
1.554484814405441284e-01
9.024234116077423096e-02
8.371980488300323486e-02
8.674638718366622925e-02
9.854724258184432983e-02
9.362863749265670776e-02
9.953005611896514893e-02
1.230007410049438477e-01
1.075506582856178284e-01
1.130771636962890625e-01
8.800259232521057129e-02
1.067312136292457581e-01
8.804856985807418823e-02
1.169038191437721252e-01
8.558701723814010620e-02
9.549632668495178223e-02
9.293134510517120361e-02
9.064067900180816650e-02
1.124017164111137390e-01
9.731131792068481445e-02
8.859804272651672363e-02
8.131904900074005127e-02
9.580004215240478516e-02
8.694567531347274780e-02
8.323694020509719849e-02
8.883460611104965210e-02
9.793807566165924072e-02
1.222358942031860352e-01
1.031591817736625671e-01
7.586427032947540283e-02
9.875004738569259644e-02
1.171069145202636719e-01
1.121151670813560486e-01
1.126088574528694153e-01
8.120834082365036011e-02
8.958279341459274292e-02
1.030940413475036621e-01
7.842145115137100220e-02
9.095501154661178589e-02
1.361153721809387207e-01
1.272692233324050903e-01
8.482347428798675537e-02
1.485600620508193970e-01
1.072243228554725647e-01
1.444572359323501587e-01
1.173057183623313904e-01
8.724795281887054443e-02
9.174256026744842529e-02
1.388633102178573608e-01
1.229460760951042175e-01
1.006978526711463928e-01
9.086232632398605347e-02
9.047182649374008179e-02
1.089814826846122742e-01
8.080106228590011597e-02
9.600444138050079346e-02
9.270749241113662720e-02
1.001971140503883362e-01
1.307020634412765503e-01
8.917998522520065308e-02
8.101148903369903564e-02
8.464897423982620239e-02
7.479650527238845825e-02
1.099190041422843933e-01
8.628042787313461304e-02
8.268219232559204102e-02
1.217249035835266113e-01
8.728814125061035156e-02
7.929453998804092407e-02
1.369541883468627930e-01
9.631558507680892944e-02
7.810623198747634888e-02
9.008399397134780884e-02
8.160639554262161255e-02
9.669034928083419800e-02
8.463297039270401001e-02
9.715204685926437378e-02
8.946766704320907593e-02
9.235707670450210571e-02
8.404646068811416626e-02
9.315059334039688110e-02
7.427506893873214722e-02
8.016324043273925781e-02
8.208909630775451660e-02
9.037669003009796143e-02
8.848896622657775879e-02
7.186075299978256226e-02
9.111390262842178345e-02
9.125795960426330566e-02
8.727016299962997437e-02
9.623819589614868164e-02
1.226252242922782898e-01
8.311717957258224487e-02
8.703207969665527344e-02
7.987404614686965942e-02
9.915031492710113525e-02
1.081887036561965942e-01
1.189068555831909180e-01
1.115837320685386658e-01
9.666651487350463867e-02
9.097192436456680298e-02
9.118746966123580933e-02
7.746195048093795776e-02
1.005425676703453064e-01
9.111311286687850952e-02
9.548739343881607056e-02
7.415646314620971680e-02
1.554139107465744019e-01
1.246570348739624023e-01
1.046515032649040222e-01
9.881031513214111328e-02
7.746986299753189087e-02
7.039616256952285767e-02
7.871583849191665649e-02
9.025858342647552490e-02
8.413400501012802124e-02
1.036833301186561584e-01
9.202612191438674927e-02
8.702380955219268799e-02
1.161833405494689941e-01
1.128921285271644592e-01
9.296566247940063477e-02
1.156347766518592834e-01
8.687495440244674683e-02
9.056138992309570312e-02
8.856175094842910767e-02
9.545841068029403687e-02
6.543723493814468384e-02
8.259903639554977417e-02
1.045305356383323669e-01
9.661154448986053467e-02
1.158071905374526978e-01
7.777380198240280151e-02
7.335098832845687866e-02
1.172487139701843262e-01
7.973064482212066650e-02
7.612774521112442017e-02
9.776636213064193726e-02
8.055099099874496460e-02
9.850894659757614136e-02
7.553507387638092041e-02
8.632997423410415649e-02
8.560276031494140625e-02
7.832586020231246948e-02
6.644488871097564697e-02
7.989434152841567993e-02
8.595279604196548462e-02
8.042625337839126587e-02
6.283437460660934448e-02
7.463422417640686035e-02
1.001379489898681641e-01
8.111821860074996948e-02
8.232233673334121704e-02
9.619562327861785889e-02
7.545039802789688110e-02
7.619359344244003296e-02
8.847987651824951172e-02
8.936791867017745972e-02
7.997030019760131836e-02
8.055644482374191284e-02
8.370243757963180542e-02
7.314454019069671631e-02
8.220829814672470093e-02
6.969714909791946411e-02
8.532889932394027710e-02
6.415796279907226562e-02
9.148422628641128540e-02
7.513802498579025269e-02
7.040391117334365845e-02
8.600059896707534790e-02
8.375614881515502930e-02
7.212091982364654541e-02
7.561904191970825195e-02
7.424052059650421143e-02
1.071918979287147522e-01
8.221997320652008057e-02
9.935973584651947021e-02
9.202467650175094604e-02
8.292303979396820068e-02
8.315443247556686401e-02
1.180318593978881836e-01
8.419477194547653198e-02
9.423505514860153198e-02
7.770716398954391479e-02
9.025643020868301392e-02
9.908491373062133789e-02
7.855954021215438843e-02
6.971019506454467773e-02
8.153843879699707031e-02
1.014819145202636719e-01
1.072716116905212402e-01
9.541598707437515259e-02
8.967592567205429077e-02
7.263194769620895386e-02
1.189028769731521606e-01
7.607678323984146118e-02
8.907482773065567017e-02
8.327602595090866089e-02
8.033848553895950317e-02
7.100617140531539917e-02
8.335062116384506226e-02
8.607927709817886353e-02
8.986543864011764526e-02
7.989794015884399414e-02
1.099401935935020447e-01
7.278955727815628052e-02
8.160495012998580933e-02
9.419102221727371216e-02
8.152896165847778320e-02
8.306962251663208008e-02
8.837135881185531616e-02
1.179669499397277832e-01
8.272259682416915894e-02
6.570800393819808960e-02
9.278606623411178589e-02
1.117496490478515625e-01
8.680453151464462280e-02
9.489239752292633057e-02
9.264198690652847290e-02
6.680194288492202759e-02
9.959818422794342041e-02
7.420815527439117432e-02
8.668296039104461670e-02
7.865328341722488403e-02
7.191658020019531250e-02
7.712979614734649658e-02
6.606753915548324585e-02
7.842563837766647339e-02
7.080695778131484985e-02
7.445379346609115601e-02
7.310797274112701416e-02
8.523549884557723999e-02
6.434152275323867798e-02
8.400331437587738037e-02
