6.683287024497985840e-01
6.992928385734558105e-01
6.527638435363769531e-01
6.611413359642028809e-01
6.250767111778259277e-01
6.411193013191223145e-01
6.342847943305969238e-01
6.447230577468872070e-01
6.132168769836425781e-01
5.913874506950378418e-01
5.925618410110473633e-01
5.910620689392089844e-01
5.795916914939880371e-01
5.969102382659912109e-01
5.943517684936523438e-01
5.624712705612182617e-01
5.687918663024902344e-01
5.564700365066528320e-01
5.803669095039367676e-01
5.653018951416015625e-01
5.746711492538452148e-01
5.597955584526062012e-01
5.630370974540710449e-01
5.591604113578796387e-01
5.465858578681945801e-01
5.507646203041076660e-01
5.617113113403320312e-01
5.619655251502990723e-01
5.428862571716308594e-01
5.360485315322875977e-01
5.591411590576171875e-01
5.214441418647766113e-01
5.327724814414978027e-01
5.273646712303161621e-01
5.202269554138183594e-01
5.242566466331481934e-01
5.385809540748596191e-01
5.308176875114440918e-01
5.132210850715637207e-01
5.316917300224304199e-01
5.190173387527465820e-01
5.021213889122009277e-01
5.048473477363586426e-01
5.028246045112609863e-01
5.019529461860656738e-01
5.103490352630615234e-01
5.018645524978637695e-01
5.049937963485717773e-01
5.155780911445617676e-01
4.863465726375579834e-01
4.897147119045257568e-01
4.884666502475738525e-01
5.028297305107116699e-01
4.999988079071044922e-01
4.975094795227050781e-01
5.044158101081848145e-01
4.806326031684875488e-01
4.728860557079315186e-01
4.779746234416961670e-01
4.773367941379547119e-01
4.890037178993225098e-01
4.667393267154693604e-01
4.746234416961669922e-01
4.805670380592346191e-01
4.915113449096679688e-01
4.712226092815399170e-01
4.690525531768798828e-01
4.622785151004791260e-01
4.597441256046295166e-01
4.657422006130218506e-01
4.591482281684875488e-01
4.510659277439117432e-01
4.624579846858978271e-01
4.565276801586151123e-01
4.546516537666320801e-01
4.501665234565734863e-01
4.547455012798309326e-01
4.616985023021697998e-01
4.415411949157714844e-01
4.567469656467437744e-01
4.466661512851715088e-01
4.483708441257476807e-01
4.526364505290985107e-01
4.325914382934570312e-01
4.398156106472015381e-01
4.450166225433349609e-01
4.485893249511718750e-01
4.368454515933990479e-01
4.531881511211395264e-01
4.273544251918792725e-01
4.315740764141082764e-01
4.294678866863250732e-01
4.372392296791076660e-01
4.319474399089813232e-01
4.223253428936004639e-01
4.267627000808715820e-01
4.281952083110809326e-01
4.187451899051666260e-01
4.338777959346771240e-01
4.111564755439758301e-01
4.240160882472991943e-01
4.275624454021453857e-01
4.179486334323883057e-01
4.212583005428314209e-01
4.381074905395507812e-01
4.144510328769683838e-01
4.176104664802551270e-01
4.059573113918304443e-01
4.069076478481292725e-01
4.138012826442718506e-01
4.178043007850646973e-01
4.119524955749511719e-01
4.037684500217437744e-01
3.959699571132659912e-01
4.010297954082489014e-01
4.070627391338348389e-01
3.986760973930358887e-01
3.916953206062316895e-01
4.076001346111297607e-01
3.910153508186340332e-01
3.922600746154785156e-01
3.965305387973785400e-01
3.978499770164489746e-01
3.999293744564056396e-01
3.999100327491760254e-01
3.862223625183105469e-01
3.892121016979217529e-01
3.987318873405456543e-01
3.990859985351562500e-01
4.103087484836578369e-01
3.768548071384429932e-01
3.937028944492340088e-01
3.849933743476867676e-01
3.992501795291900635e-01
3.845405280590057373e-01
3.893747925758361816e-01
3.990903198719024658e-01
3.802953958511352539e-01
3.842132985591888428e-01
3.890933692455291748e-01
3.884200751781463623e-01
3.808436989784240723e-01
3.851089179515838623e-01
3.726072609424591064e-01
3.848502933979034424e-01
3.766349852085113525e-01
3.694276213645935059e-01
3.809568583965301514e-01
3.738287091255187988e-01
3.824514448642730713e-01
3.720189630985260010e-01
3.689160943031311035e-01
3.770227730274200439e-01
3.586274981498718262e-01
3.701805472373962402e-01
3.819985091686248779e-01
3.699781894683837891e-01
3.645788133144378662e-01
3.825324177742004395e-01
3.763519823551177979e-01
3.649801015853881836e-01
3.666945993900299072e-01
3.748053610324859619e-01
3.656446039676666260e-01
3.558464944362640381e-01
3.814403116703033447e-01
3.671095073223114014e-01
3.702120482921600342e-01
3.531944751739501953e-01
3.538194596767425537e-01
3.697302341461181641e-01
3.528783619403839111e-01
3.498197197914123535e-01
3.559137284755706787e-01
3.518179357051849365e-01
3.681406080722808838e-01
3.563004136085510254e-01
3.496628403663635254e-01
3.643254339694976807e-01
3.465770483016967773e-01
3.511855304241180420e-01
3.515406548976898193e-01
3.467019796371459961e-01
3.496118485927581787e-01
3.442326188087463379e-01
3.600265979766845703e-01
3.570447266101837158e-01
3.396941125392913818e-01
3.436249792575836182e-01
3.606747090816497803e-01
3.475141227245330811e-01
3.463254868984222412e-01
3.584109842777252197e-01
3.474137187004089355e-01
3.361385762691497803e-01
3.434023559093475342e-01
3.488636910915374756e-01
3.446424603462219238e-01
3.455880880355834961e-01
3.419779241085052490e-01
3.382647037506103516e-01
3.414711952209472656e-01
3.317314088344573975e-01
3.395555913448333740e-01
3.353986740112304688e-01
3.402783572673797607e-01
3.330551385879516602e-01
3.438192903995513916e-01
3.392443358898162842e-01
3.504241108894348145e-01
3.299648761749267578e-01
3.375183343887329102e-01
3.425035178661346436e-01
3.296178877353668213e-01
3.289985656738281250e-01
3.379811942577362061e-01
3.401772677898406982e-01
3.227359652519226074e-01
3.270903229713439941e-01
3.323956131935119629e-01
3.274705111980438232e-01
3.368593156337738037e-01
3.262329697608947754e-01
3.317729532718658447e-01
3.352841436862945557e-01
3.259490430355072021e-01
3.226087987422943115e-01
3.246400058269500732e-01
3.402745425701141357e-01
3.594198226928710938e-01
3.507650792598724365e-01
3.396821916103363037e-01
3.235241472721099854e-01
3.421770036220550537e-01
3.295830488204956055e-01
3.270507752895355225e-01
3.156563341617584229e-01
3.254527747631072998e-01
3.243677616119384766e-01
3.251912295818328857e-01
3.217272758483886719e-01
3.237875699996948242e-01
3.242975175380706787e-01
3.173259794712066650e-01
3.245873153209686279e-01
3.234443664550781250e-01
3.095475137233734131e-01
3.197194635868072510e-01
3.162272572517395020e-01
3.203049600124359131e-01
3.174933493137359619e-01
3.138457238674163818e-01
3.217296302318572998e-01
3.292741477489471436e-01
3.303599953651428223e-01
3.344983160495758057e-01
3.076157271862030029e-01
3.084335923194885254e-01
3.304799497127532959e-01
3.076826035976409912e-01
3.092637360095977783e-01
3.132366836071014404e-01
3.165608942508697510e-01
3.151611685752868652e-01
3.095374703407287598e-01
3.059067428112030029e-01
3.158849775791168213e-01
3.040818870067596436e-01
3.096875250339508057e-01
3.100521862506866455e-01
3.276216387748718262e-01
3.060391843318939209e-01
3.278368711471557617e-01
3.013759255409240723e-01
3.062068819999694824e-01
2.984901368618011475e-01
3.029582500457763672e-01
3.054401576519012451e-01
3.009848594665527344e-01
3.005149960517883301e-01
3.053033351898193359e-01
2.994629442691802979e-01
3.171562254428863525e-01
3.028547465801239014e-01
2.972343862056732178e-01
3.080420196056365967e-01
3.016217947006225586e-01
3.093883395195007324e-01
2.977324426174163818e-01
3.015682101249694824e-01
2.988526821136474609e-01
3.016152977943420410e-01
2.938548028469085693e-01
2.908425331115722656e-01
3.018045723438262939e-01
3.002105057239532471e-01
2.944917082786560059e-01
2.905052602291107178e-01
3.019433021545410156e-01
2.964554727077484131e-01
2.931260168552398682e-01
3.228347003459930420e-01
2.937694191932678223e-01
2.866217792034149170e-01
2.845813035964965820e-01
3.041414320468902588e-01
2.959106564521789551e-01
2.988671958446502686e-01
3.277040123939514160e-01
2.959536015987396240e-01
2.971578240394592285e-01
2.908219695091247559e-01
2.901192307472229004e-01
2.892970144748687744e-01
2.918902337551116943e-01
2.874121665954589844e-01
2.946067154407501221e-01
2.908627688884735107e-01
2.962848842144012451e-01
2.849063575267791748e-01
2.980946004390716553e-01
2.922987937927246094e-01
2.902342677116394043e-01
2.981862127780914307e-01
2.979528903961181641e-01
3.004998266696929932e-01
2.863566875457763672e-01
2.884265482425689697e-01
2.846463620662689209e-01
2.912990748882293701e-01
2.873176038265228271e-01
2.933922708034515381e-01
2.835597991943359375e-01
2.868990600109100342e-01
2.872942090034484863e-01
2.958379685878753662e-01
2.942920923233032227e-01
2.829278409481048584e-01
2.831034958362579346e-01
2.808720171451568604e-01
2.832897603511810303e-01
2.815789878368377686e-01
2.797036170959472656e-01
2.832828462123870850e-01
2.835760414600372314e-01
2.787955701351165771e-01
2.722326219081878662e-01
2.798199951648712158e-01
2.826722562313079834e-01
2.785497605800628662e-01
2.812843322753906250e-01
2.777164578437805176e-01
2.833612561225891113e-01
2.845415174961090088e-01
2.820856273174285889e-01
2.839518487453460693e-01
2.875395715236663818e-01
2.854381203651428223e-01
2.787579298019409180e-01
2.829949855804443359e-01
2.800546586513519287e-01
2.723121643066406250e-01
2.760373651981353760e-01
2.798175513744354248e-01
2.770898938179016113e-01
2.941357195377349854e-01
2.757413387298583984e-01
2.723102569580078125e-01
2.838877141475677490e-01
2.745106220245361328e-01
2.742244303226470947e-01
2.791079282760620117e-01
2.818950712680816650e-01
2.764888703823089600e-01
2.740015089511871338e-01
2.663012444972991943e-01
2.757239043712615967e-01
2.791810631752014160e-01
2.719777524471282959e-01
2.751900255680084229e-01
2.841381430625915527e-01
2.778747379779815674e-01
2.884204983711242676e-01
2.719950675964355469e-01
2.722931206226348877e-01
2.903047502040863037e-01
2.855299711227416992e-01
2.820022404193878174e-01
2.743012011051177979e-01
2.734839320182800293e-01
2.647050321102142334e-01
2.692824900150299072e-01
2.821192741394042969e-01
2.675800621509552002e-01
2.691186368465423584e-01
2.680266499519348145e-01
2.756622433662414551e-01
2.700662314891815186e-01
2.646312713623046875e-01
2.600852549076080322e-01
2.748171985149383545e-01
2.742841243743896484e-01
2.619325816631317139e-01
2.658533751964569092e-01
2.638666629791259766e-01
2.677718698978424072e-01
2.699744403362274170e-01
2.630905508995056152e-01
2.762580811977386475e-01
2.659341990947723389e-01
2.678531706333160400e-01
2.702471017837524414e-01
2.674011886119842529e-01
2.624370157718658447e-01
2.667449414730072021e-01
2.654053568840026855e-01
2.600109279155731201e-01
2.638977169990539551e-01
2.636259496212005615e-01
2.611910998821258545e-01
2.621712386608123779e-01
2.613432407379150391e-01
2.779256105422973633e-01
2.659684121608734131e-01
2.619176506996154785e-01
2.711254060268402100e-01
2.888965606689453125e-01
2.600445449352264404e-01
2.586824893951416016e-01
2.792134284973144531e-01
2.714918553829193115e-01
2.699198722839355469e-01
2.532397210597991943e-01
2.656670510768890381e-01
2.665031850337982178e-01
2.609249055385589600e-01
2.581430375576019287e-01
2.622201442718505859e-01
2.910025715827941895e-01
2.716394960880279541e-01
2.806048989295959473e-01
2.681241929531097412e-01
2.614987194538116455e-01
2.654920518398284912e-01
2.722639739513397217e-01
2.651769518852233887e-01
2.564304769039154053e-01
2.612039744853973389e-01
2.695641815662384033e-01
2.513047754764556885e-01
2.612116336822509766e-01
2.590096890926361084e-01
2.590093314647674561e-01
2.643361091613769531e-01
2.629649639129638672e-01
2.589150965213775635e-01
2.582536339759826660e-01
2.590430378913879395e-01
2.642611265182495117e-01
2.539841234683990479e-01
2.555629312992095947e-01
2.553901970386505127e-01
2.523197829723358154e-01
2.647286355495452881e-01
2.494327872991561890e-01
2.543232440948486328e-01
2.732056081295013428e-01
2.494611293077468872e-01
2.589342594146728516e-01
2.498306334018707275e-01
2.632590234279632568e-01
2.577836215496063232e-01
2.591895461082458496e-01
2.594299018383026123e-01
2.587049007415771484e-01
2.566187679767608643e-01
2.600703239440917969e-01
2.544104158878326416e-01
2.604718208312988281e-01
2.460478395223617554e-01
